39.0
16.0
16.0
22.0
19.0
22.0
15.0
52.0
13.0
19.0
23.0
21.0
15.0
30.0
13.0
15.0
18.0
33.0
17.0
15.0
26.0
13.0
22.0
40.0
12.0
26.0
9.0
18.0
16.0
11.0
11.0
10.0
12.0
18.0
13.0
23.0
21.0
10.0
38.0
24.0
13.0
14.0
10.0
16.0
24.0
11.0
15.0
27.0
17.0
10.0
25.0
21.0
11.0
15.0
32.0
15.0
12.0
13.0
27.0
14.0
25.0
14.0
10.0
20.0
17.0
17.0
22.0
11.0
12.0
25.0
30.0
17.0
22.0
121.0
18.0
14.0
26.0
28.0
50.0
10.0
21.0
11.0
21.0
11.0
39.0
18.0
21.0
11.0
25.0
28.0
25.0
13.0
22.0
33.0
13.0
9.0
38.0
19.0
23.0
19.0
17.0
15.0
10.0
25.0
20.0
18.0
11.0
28.0
17.0
14.0
20.0
29.0
11.0
13.0
25.0
12.0
24.0
13.0
19.0
19.0
38.0
20.0
32.0
23.0
32.0
12.0
25.0
15.0
11.0
16.0
15.0
19.0
20.0
34.0
11.0
20.0
16.0
32.0
9.0
33.0
22.0
12.0
11.0
14.0
9.0
19.0
20.0
17.0
11.0
19.0
13.0
12.0
62.0
14.0
21.0
39.0
20.0
28.0
14.0
28.0
11.0
14.0
39.0
41.0
9.0
11.0
15.0
12.0
15.0
12.0
102.0
33.0
16.0
35.0
19.0
14.0
12.0
13.0
12.0
17.0
20.0
34.0
13.0
21.0
37.0
30.0
14.0
24.0
12.0
16.0
19.0
18.0
18.0
20.0
55.0
15.0
58.0
59.0
20.0
42.0
32.0
22.0
43.0
52.0
53.0
38.0
27.0
37.0
33.0
19.0
24.0
15.0
19.0
28.0
16.0
10.0
20.0
12.0
22.0
28.0
28.0
17.0
23.0
33.0
24.0
44.0
25.0
27.0
24.0
23.0
24.0
55.0
20.0
45.0
47.0
49.0
21.0
18.0
16.0
21.0
14.0
24.0
31.0
21.0
21.0
31.0
15.0
27.0
14.0
48.0
28.0
23.0
42.0
20.0
16.0
25.0
16.0
38.0
27.0
28.0
28.0
22.0
13.0
34.0
30.0
23.0
51.0
40.0
33.0
28.0
26.0
50.0
20.0
39.0
71.0
43.0
38.0
40.0
49.0
42.0
16.0
27.0
48.0
35.0
33.0
24.0
36.0
16.0
43.0
17.0
40.0
26.0
22.0
13.0
43.0
23.0
32.0
22.0
47.0
31.0
35.0
29.0
38.0
23.0
25.0
20.0
29.0
42.0
26.0
37.0
29.0
52.0
21.0
30.0
32.0
27.0
39.0
26.0
57.0
20.0
26.0
31.0
25.0
33.0
17.0
22.0
36.0
26.0
36.0
45.0
29.0
34.0
60.0
30.0
35.0
33.0
34.0
27.0
30.0
30.0
29.0
36.0
36.0
26.0
58.0
31.0
42.0
70.0
45.0
30.0
30.0
86.0
87.0
62.0
84.0
46.0
60.0
42.0
56.0
40.0
60.0
63.0
167.0
50.0
74.0
48.0
53.0
71.0
84.0
84.0
108.0
76.0
76.0
50.0
148.0
77.0
85.0
64.0
109.0
75.0
155.0
122.0
80.0
88.0
58.0
90.0
68.0
90.0
75.0
98.0
51.0
112.0
70.0
71.0
85.0
102.0
108.0
73.0
75.0
51.0
65.0
81.0
62.0
62.0
84.0
85.0
78.0
88.0
91.0
105.0
107.0
176.0
105.0
85.0
200.0
118.0
114.0
113.0
172.0
154.0
134.0
104.0
87.0
104.0
86.0
85.0
105.0
96.0
96.0
118.0
92.0
123.0
108.0
103.0
114.0
99.0
98.0
113.0
117.0
92.0
112.0
120.0
122.0
119.0
116.0
123.0
105.0
119.0
112.0
104.0
87.0
113.0
128.0
101.0
121.0
117.0
129.0
122.0
110.0
113.0
111.0
129.0
131.0
114.0
130.0
111.0
114.0
129.0
116.0
114.0
126.0
123.0
120.0
114.0
130.0
129.0
126.0
125.0
114.0
123.0
112.0
125.0
125.0
155.0
131.0
126.0
142.0
133.0
137.0
145.0
143.0
133.0
136.0
129.0
144.0
135.0
131.0
130.0
125.0
142.0
128.0
140.0
138.0
128.0
151.0
147.0
133.0
150.0
142.0
132.0
154.0
148.0
137.0
148.0
155.0
149.0
153.0
145.0
155.0
165.0
181.0
157.0
171.0
173.0
174.0
187.0
176.0
158.0
184.0
196.0
192.0
172.0
178.0
188.0
200.0
200.0
200.0
200.0
200.0
200.0
200.0
200.0
200.0
200.0
200.0
200.0
200.0
200.0
200.0
192.0
200.0
200.0
200.0
170.0
200.0
200.0
200.0
200.0
200.0
180.0
200.0
200.0
200.0
200.0
200.0
188.0
200.0
200.0
200.0
200.0
200.0
200.0
200.0
178.0
200.0
200.0
200.0
200.0
200.0
200.0
200.0
186.0
200.0
200.0
200.0
200.0
200.0
200.0
200.0
200.0
200.0
200.0
200.0
200.0
200.0
200.0
200.0
200.0
200.0
191.0
200.0
200.0
200.0
200.0
200.0
200.0
200.0
200.0
200.0
200.0
200.0
200.0
200.0
200.0
200.0
200.0
200.0
200.0
200.0
200.0
200.0
200.0
200.0
200.0
200.0
200.0
200.0
200.0
200.0
200.0
200.0
200.0
200.0
200.0
200.0
191.0
200.0
200.0
200.0
200.0
200.0
200.0
200.0
200.0
198.0
200.0
200.0
200.0
179.0
197.0
177.0
200.0
200.0
200.0
200.0
200.0
200.0
200.0
200.0
172.0
200.0
200.0
200.0
200.0
200.0
200.0
200.0
200.0
200.0
200.0
193.0
200.0
200.0
200.0
200.0
200.0
200.0
200.0
200.0
200.0
200.0
199.0
200.0
200.0
200.0
200.0
200.0
200.0
200.0
200.0
177.0
187.0
157.0
149.0
198.0
164.0
160.0
186.0
181.0
174.0
200.0
200.0
186.0
198.0
200.0
200.0
187.0
177.0
200.0
200.0
200.0
200.0
192.0
161.0
169.0
154.0
175.0
134.0
157.0
164.0
182.0
175.0
184.0
172.0
135.0
182.0
179.0
173.0
168.0
185.0
143.0
162.0
145.0
161.0
133.0
169.0
153.0
200.0
200.0
200.0
200.0
200.0
181.0
166.0
156.0
197.0
168.0
179.0
200.0
200.0
200.0
200.0
200.0
200.0
200.0
200.0
162.0
168.0
200.0
200.0
200.0
200.0
200.0
200.0
200.0
200.0
200.0
200.0
200.0
200.0
200.0
200.0
200.0
200.0
200.0
200.0
200.0
200.0
200.0
200.0
200.0
200.0
200.0
200.0
200.0
200.0
200.0
200.0
200.0
200.0
200.0
200.0
200.0
200.0
200.0
200.0
200.0
200.0
200.0
200.0
200.0
200.0
200.0
200.0
200.0
200.0
200.0
200.0
200.0
200.0
200.0
200.0
200.0
200.0
200.0
200.0
200.0
200.0
200.0
200.0
200.0
200.0
200.0
200.0
200.0
200.0
200.0
200.0
200.0
200.0
200.0
200.0
200.0
200.0
200.0
200.0
200.0
200.0
200.0
200.0
200.0
200.0
200.0
200.0
200.0
200.0
200.0
200.0
200.0
200.0
200.0
200.0
200.0
200.0
200.0
200.0
200.0
200.0
200.0
200.0
200.0
200.0
200.0
200.0
200.0
200.0
200.0
200.0
200.0
200.0
200.0
200.0
200.0
200.0
200.0
200.0
200.0
200.0
200.0
200.0
200.0
200.0
200.0
200.0
200.0
200.0
200.0
200.0
200.0
200.0
200.0
200.0
200.0
200.0
200.0
200.0
200.0
200.0
200.0
200.0
200.0
200.0
200.0
200.0
200.0
200.0
200.0
200.0
200.0
200.0
200.0
200.0
200.0
200.0
200.0
200.0
200.0
200.0
200.0
200.0
200.0
200.0
200.0
200.0
200.0
200.0
200.0
200.0
200.0
200.0
200.0
200.0
200.0
200.0
200.0
200.0
200.0
200.0
200.0
200.0
200.0
200.0
200.0
200.0
200.0
200.0
200.0
200.0
200.0
200.0
200.0
200.0
200.0
200.0
200.0
200.0
200.0
200.0
200.0
200.0
200.0
200.0
200.0
200.0
200.0
200.0
200.0
200.0
200.0
200.0
200.0
200.0
200.0
200.0
200.0
200.0
200.0
200.0
200.0
200.0
200.0
200.0
200.0
200.0
200.0
200.0
200.0
200.0
200.0
200.0
200.0
200.0
200.0
200.0
200.0
200.0
200.0
200.0
200.0
200.0
200.0
200.0
200.0
200.0
200.0
200.0
200.0
200.0
200.0
200.0
200.0
200.0
200.0
200.0
200.0
200.0
200.0
200.0
200.0
200.0
200.0
200.0
200.0
200.0
200.0
200.0
200.0
200.0
200.0
200.0
200.0
200.0
200.0
200.0
200.0
200.0
200.0
200.0
200.0
200.0
200.0
200.0
200.0
200.0
200.0
200.0
200.0
200.0
200.0
200.0
200.0
200.0
200.0
200.0
200.0
200.0
200.0
200.0
200.0
200.0
200.0
200.0
200.0
200.0
200.0
200.0
200.0
200.0
200.0
200.0
200.0
200.0
200.0
200.0
200.0
200.0
200.0
200.0
200.0
200.0
200.0
200.0
200.0
200.0
200.0
200.0
200.0
200.0
200.0
200.0
200.0
200.0
200.0
200.0
200.0
200.0
200.0
200.0
200.0
200.0
200.0
200.0
200.0
200.0
200.0
200.0
200.0
200.0
200.0
200.0
200.0
200.0
200.0
200.0
200.0
200.0
200.0
200.0
200.0
200.0
200.0
200.0
200.0
200.0
200.0
200.0
200.0
200.0
200.0
200.0
200.0
200.0
200.0
200.0
200.0
200.0
200.0
200.0
200.0
200.0
200.0
200.0
200.0
200.0
200.0
200.0
200.0
200.0
200.0
200.0
200.0
200.0
200.0
200.0
200.0
200.0
200.0
200.0
200.0
200.0
200.0
200.0
200.0
200.0
200.0
200.0
200.0
200.0
200.0
200.0
200.0
200.0
200.0
200.0
200.0
200.0
200.0
200.0
200.0
200.0
200.0
200.0
200.0
200.0
200.0
200.0
200.0
200.0
200.0
200.0
200.0
200.0
200.0
200.0
200.0
200.0
200.0
200.0
200.0
200.0
200.0
200.0
200.0
200.0
200.0
200.0
200.0
200.0
200.0
200.0
200.0
200.0
200.0
200.0
200.0
200.0
200.0
200.0
200.0
200.0
200.0
200.0
200.0
200.0
200.0
200.0
200.0
200.0
200.0
200.0
200.0
200.0
200.0
200.0
200.0
200.0
200.0
200.0
200.0
200.0
200.0
200.0
200.0
200.0
200.0
200.0
200.0
200.0
200.0
200.0
200.0
200.0
200.0
200.0
200.0
200.0
200.0
200.0
200.0
200.0
200.0
200.0
200.0
200.0
200.0
200.0
200.0
200.0
200.0
200.0
200.0
200.0
200.0
200.0
200.0
200.0
200.0
200.0
200.0
200.0
200.0
200.0
200.0
200.0
200.0
200.0
200.0
200.0
200.0
200.0
200.0
200.0
200.0
200.0
200.0
200.0
200.0
200.0
200.0
200.0
200.0
200.0
200.0
200.0
200.0
200.0
200.0
200.0
200.0
200.0
200.0
200.0
200.0
200.0
200.0
200.0
200.0
200.0
200.0
200.0
200.0
200.0
200.0
200.0
200.0
200.0
200.0
200.0
200.0
200.0
200.0
200.0
200.0
200.0
200.0
200.0
200.0
200.0
200.0
200.0
200.0
200.0
200.0
200.0
200.0
200.0
200.0
200.0
200.0
200.0
200.0
200.0
200.0
200.0
200.0
200.0
200.0
200.0
200.0
200.0
200.0
200.0
200.0
200.0
200.0
200.0
200.0
200.0
200.0
200.0
200.0
200.0
200.0
200.0
200.0
200.0
200.0
200.0
200.0
200.0
200.0
200.0
200.0
200.0
200.0
200.0
200.0
200.0
200.0
200.0
200.0
200.0
200.0
200.0
200.0
200.0
200.0
200.0
200.0
200.0
200.0
200.0
200.0
200.0
200.0
200.0
200.0
200.0
200.0
200.0
200.0
200.0
200.0
200.0
200.0
200.0
200.0
200.0
200.0
200.0
200.0
200.0
200.0
200.0
200.0
200.0
200.0
200.0
200.0
200.0
200.0
200.0
200.0
200.0
200.0
200.0
200.0
200.0
200.0
200.0
200.0
200.0
200.0
200.0
200.0
200.0
200.0
200.0
200.0
200.0
200.0
200.0
200.0
200.0
200.0
200.0
200.0
200.0
200.0
200.0
200.0
200.0
200.0
200.0
200.0
200.0
200.0
200.0
200.0
200.0
200.0
200.0
200.0
200.0
200.0
200.0
200.0
200.0
200.0
200.0
200.0
200.0
200.0
200.0
200.0
200.0
200.0
200.0
200.0
200.0
200.0
200.0
200.0
200.0
200.0
200.0
200.0
200.0
200.0
200.0
200.0
200.0
200.0
200.0
200.0
200.0
200.0
200.0
200.0
200.0
200.0
200.0
200.0
200.0
200.0
200.0
200.0
200.0
200.0
200.0
200.0
200.0
200.0
200.0
200.0
200.0
200.0
200.0
200.0
200.0
200.0
200.0
200.0
200.0
200.0
200.0
200.0
200.0
200.0
200.0
200.0
200.0
200.0
200.0
200.0
200.0
200.0
200.0
200.0
200.0
200.0
200.0
200.0
200.0
200.0
200.0
200.0
200.0
200.0
200.0
200.0
200.0
200.0
200.0
200.0
200.0
200.0
200.0
200.0
200.0
200.0
200.0
200.0
200.0
200.0
200.0
200.0
200.0
200.0
200.0
200.0
200.0
200.0
200.0
200.0
200.0
200.0
200.0
200.0
200.0
200.0
200.0
200.0
200.0
200.0
200.0
200.0
200.0
200.0
200.0
200.0
200.0
200.0
200.0
200.0
200.0
200.0
200.0
200.0
200.0
200.0
200.0
200.0
200.0
200.0
200.0
200.0
200.0
200.0
200.0
200.0
200.0
200.0
200.0
200.0
200.0
200.0
200.0
200.0
200.0
200.0
200.0
200.0
200.0
200.0
200.0
200.0
200.0
200.0
200.0
200.0
200.0
200.0
200.0
200.0
200.0
200.0
200.0
200.0
200.0
200.0
200.0
200.0
200.0
200.0
200.0
200.0
200.0
200.0
200.0
200.0
200.0
200.0
200.0
200.0
200.0
200.0
200.0
200.0
200.0
200.0
200.0
200.0
200.0
200.0
200.0
200.0
200.0
200.0
200.0
200.0
200.0
200.0
200.0
200.0
200.0
200.0
200.0
200.0
200.0
200.0
200.0
200.0
200.0
200.0
200.0
200.0
200.0
200.0
200.0
200.0
200.0
200.0
200.0
200.0
200.0
200.0
200.0
200.0
200.0
200.0
200.0
200.0
200.0
200.0
200.0
200.0
200.0
200.0
200.0
200.0
200.0
200.0
200.0
200.0
200.0
200.0
200.0
200.0
200.0
200.0
200.0
200.0
200.0
200.0
200.0
200.0
200.0
200.0
200.0
200.0
200.0
200.0
200.0
200.0
200.0
200.0
200.0
200.0
200.0
200.0
200.0
200.0
200.0
200.0
200.0
200.0
200.0
200.0
200.0
200.0
200.0
200.0
200.0
200.0
200.0
200.0
200.0
200.0
200.0
200.0
200.0
200.0
200.0
200.0
200.0
200.0
200.0
200.0
200.0
200.0
200.0
200.0
200.0
200.0
200.0
200.0
200.0
200.0
200.0
200.0
200.0
200.0
200.0
200.0
200.0
200.0
200.0
200.0
200.0
200.0
200.0
200.0
200.0
200.0
200.0
200.0
200.0
200.0
200.0
200.0
200.0
200.0
200.0
200.0
200.0
200.0
200.0
200.0
200.0
200.0
200.0
200.0
200.0
200.0
200.0
200.0
200.0
200.0
200.0
200.0
200.0
200.0
200.0
200.0
200.0
200.0
200.0
200.0
200.0
200.0
200.0
200.0
200.0
200.0
200.0
200.0
200.0
200.0
200.0
200.0
200.0
200.0
200.0
200.0
200.0
200.0
200.0
200.0
200.0
200.0
200.0
200.0
200.0
200.0
200.0
200.0
200.0
200.0
200.0
200.0
200.0
200.0
200.0
200.0
200.0
200.0
200.0
200.0
200.0
200.0
200.0
200.0
200.0
200.0
200.0
200.0
200.0
200.0
200.0
200.0
200.0
200.0
200.0
200.0
200.0
200.0
200.0
200.0
200.0
200.0
200.0
200.0
200.0
200.0
200.0
200.0
200.0
200.0
200.0
200.0
200.0
200.0
200.0
200.0
200.0
200.0
200.0
200.0
200.0
200.0
200.0
200.0
200.0
200.0
200.0
200.0
200.0
200.0
200.0
200.0
200.0
200.0
200.0
200.0
200.0
200.0
200.0
200.0
200.0
200.0
200.0
200.0
200.0
200.0
200.0
200.0
200.0
200.0
200.0
200.0
200.0
200.0
200.0
200.0
200.0
200.0
200.0
200.0
200.0
200.0
200.0
200.0
200.0
200.0
200.0
200.0
200.0
200.0
200.0
200.0
200.0
200.0
200.0
200.0
200.0
200.0
200.0
200.0
200.0
200.0
200.0
200.0
200.0
200.0
200.0
200.0
200.0
200.0
200.0
200.0
200.0
200.0
200.0
200.0
200.0
200.0
200.0
200.0
200.0
