12.0
16.0
10.0
42.0
26.0
22.0
23.0
15.0
16.0
12.0
25.0
14.0
13.0
18.0
14.0
27.0
14.0
19.0
11.0
15.0
25.0
30.0
16.0
16.0
18.0
14.0
16.0
14.0
24.0
26.0
31.0
19.0
17.0
9.0
50.0
18.0
54.0
52.0
13.0
57.0
19.0
10.0
32.0
34.0
13.0
37.0
21.0
9.0
9.0
17.0
20.0
28.0
77.0
22.0
14.0
24.0
40.0
14.0
20.0
39.0
12.0
35.0
17.0
12.0
14.0
15.0
23.0
13.0
23.0
17.0
21.0
12.0
19.0
24.0
10.0
10.0
26.0
13.0
20.0
42.0
15.0
22.0
23.0
19.0
37.0
22.0
14.0
34.0
11.0
28.0
20.0
19.0
24.0
15.0
29.0
36.0
37.0
15.0
20.0
24.0
26.0
17.0
25.0
35.0
19.0
16.0
19.0
20.0
20.0
19.0
11.0
23.0
51.0
27.0
21.0
17.0
29.0
15.0
14.0
25.0
13.0
13.0
13.0
24.0
19.0
37.0
27.0
16.0
20.0
14.0
28.0
17.0
10.0
36.0
20.0
16.0
14.0
15.0
22.0
21.0
14.0
20.0
13.0
13.0
22.0
14.0
27.0
10.0
14.0
19.0
10.0
23.0
28.0
21.0
13.0
16.0
10.0
14.0
11.0
27.0
11.0
20.0
23.0
21.0
9.0
25.0
17.0
11.0
12.0
20.0
12.0
30.0
21.0
10.0
13.0
24.0
17.0
27.0
11.0
20.0
19.0
19.0
11.0
12.0
29.0
14.0
16.0
26.0
21.0
16.0
15.0
16.0
30.0
32.0
15.0
13.0
21.0
22.0
10.0
15.0
11.0
12.0
25.0
20.0
22.0
17.0
23.0
15.0
10.0
14.0
18.0
31.0
12.0
18.0
15.0
29.0
52.0
17.0
14.0
17.0
15.0
18.0
22.0
13.0
14.0
16.0
12.0
67.0
34.0
17.0
20.0
19.0
20.0
16.0
35.0
25.0
15.0
10.0
14.0
45.0
17.0
10.0
15.0
10.0
15.0
47.0
44.0
34.0
39.0
50.0
30.0
49.0
49.0
121.0
53.0
43.0
86.0
34.0
49.0
27.0
12.0
37.0
32.0
39.0
31.0
59.0
39.0
30.0
25.0
33.0
34.0
42.0
99.0
60.0
58.0
50.0
50.0
27.0
67.0
45.0
41.0
46.0
41.0
27.0
29.0
104.0
42.0
27.0
174.0
46.0
63.0
62.0
29.0
71.0
85.0
113.0
56.0
47.0
61.0
46.0
111.0
34.0
52.0
67.0
64.0
66.0
94.0
133.0
86.0
82.0
73.0
105.0
60.0
71.0
86.0
47.0
89.0
79.0
77.0
56.0
104.0
84.0
88.0
93.0
87.0
130.0
63.0
113.0
76.0
82.0
200.0
102.0
117.0
96.0
112.0
81.0
102.0
90.0
127.0
96.0
149.0
102.0
200.0
126.0
117.0
151.0
88.0
128.0
114.0
92.0
115.0
147.0
99.0
200.0
80.0
127.0
200.0
198.0
88.0
200.0
122.0
189.0
163.0
119.0
123.0
137.0
200.0
200.0
200.0
200.0
185.0
111.0
138.0
142.0
129.0
115.0
129.0
144.0
126.0
103.0
148.0
131.0
138.0
158.0
115.0
133.0
162.0
130.0
131.0
138.0
147.0
158.0
138.0
144.0
127.0
139.0
158.0
140.0
146.0
146.0
150.0
159.0
131.0
175.0
159.0
143.0
161.0
126.0
125.0
123.0
143.0
132.0
143.0
122.0
118.0
158.0
151.0
131.0
157.0
154.0
150.0
150.0
128.0
117.0
114.0
138.0
145.0
128.0
158.0
125.0
135.0
152.0
164.0
145.0
119.0
125.0
135.0
123.0
130.0
169.0
146.0
158.0
138.0
132.0
142.0
143.0
147.0
137.0
141.0
121.0
153.0
161.0
139.0
166.0
138.0
137.0
138.0
177.0
147.0
157.0
169.0
173.0
137.0
172.0
163.0
147.0
137.0
137.0
132.0
148.0
127.0
151.0
172.0
158.0
140.0
171.0
181.0
169.0
159.0
173.0
146.0
147.0
150.0
150.0
138.0
139.0
129.0
127.0
152.0
133.0
165.0
156.0
185.0
199.0
200.0
171.0
147.0
165.0
191.0
165.0
157.0
156.0
176.0
138.0
186.0
140.0
142.0
165.0
140.0
200.0
147.0
183.0
181.0
193.0
200.0
200.0
200.0
200.0
200.0
200.0
200.0
200.0
200.0
200.0
200.0
179.0
200.0
182.0
200.0
200.0
200.0
200.0
186.0
200.0
188.0
195.0
200.0
200.0
200.0
200.0
182.0
200.0
159.0
157.0
169.0
194.0
200.0
162.0
182.0
200.0
199.0
200.0
162.0
174.0
197.0
200.0
165.0
178.0
168.0
161.0
155.0
200.0
177.0
150.0
145.0
137.0
154.0
194.0
177.0
196.0
163.0
185.0
162.0
147.0
126.0
141.0
145.0
147.0
139.0
129.0
132.0
118.0
122.0
135.0
157.0
148.0
129.0
113.0
119.0
124.0
123.0
107.0
134.0
149.0
138.0
123.0
130.0
146.0
155.0
161.0
129.0
148.0
149.0
137.0
132.0
134.0
130.0
128.0
119.0
127.0
157.0
139.0
124.0
132.0
149.0
136.0
131.0
147.0
156.0
147.0
150.0
166.0
158.0
141.0
169.0
185.0
200.0
165.0
200.0
155.0
200.0
177.0
200.0
200.0
153.0
165.0
163.0
158.0
155.0
186.0
168.0
200.0
200.0
200.0
200.0
163.0
166.0
187.0
200.0
200.0
163.0
167.0
149.0
185.0
157.0
160.0
176.0
168.0
193.0
178.0
155.0
174.0
185.0
197.0
200.0
152.0
171.0
173.0
146.0
154.0
198.0
160.0
173.0
145.0
143.0
161.0
200.0
179.0
174.0
163.0
199.0
171.0
170.0
182.0
155.0
161.0
200.0
144.0
175.0
167.0
179.0
129.0
200.0
179.0
163.0
197.0
168.0
149.0
170.0
200.0
200.0
200.0
200.0
200.0
200.0
162.0
195.0
197.0
166.0
185.0
157.0
199.0
190.0
177.0
200.0
171.0
152.0
165.0
162.0
151.0
146.0
139.0
151.0
142.0
155.0
164.0
145.0
165.0
175.0
160.0
200.0
157.0
158.0
184.0
174.0
173.0
164.0
157.0
157.0
200.0
172.0
162.0
149.0
173.0
155.0
157.0
157.0
163.0
155.0
142.0
135.0
177.0
135.0
158.0
166.0
133.0
134.0
165.0
193.0
151.0
180.0
178.0
171.0
165.0
141.0
163.0
166.0
136.0
149.0
155.0
145.0
137.0
158.0
140.0
135.0
197.0
149.0
182.0
170.0
142.0
168.0
178.0
170.0
145.0
200.0
200.0
172.0
172.0
200.0
134.0
178.0
173.0
144.0
143.0
187.0
157.0
170.0
189.0
171.0
170.0
184.0
154.0
176.0
161.0
163.0
191.0
165.0
181.0
157.0
171.0
168.0
163.0
143.0
163.0
196.0
182.0
200.0
190.0
188.0
200.0
200.0
200.0
200.0
168.0
187.0
182.0
198.0
200.0
166.0
200.0
200.0
200.0
200.0
200.0
200.0
200.0
200.0
200.0
182.0
200.0
200.0
185.0
200.0
179.0
200.0
200.0
200.0
200.0
200.0
200.0
200.0
200.0
200.0
200.0
200.0
200.0
200.0
200.0
200.0
200.0
200.0
200.0
200.0
200.0
200.0
200.0
200.0
200.0
200.0
200.0
200.0
200.0
200.0
200.0
200.0
200.0
200.0
200.0
200.0
200.0
200.0
200.0
200.0
200.0
200.0
200.0
200.0
200.0
200.0
200.0
200.0
200.0
200.0
200.0
200.0
200.0
200.0
200.0
200.0
200.0
200.0
200.0
200.0
200.0
200.0
200.0
200.0
200.0
200.0
200.0
200.0
200.0
200.0
200.0
200.0
200.0
200.0
200.0
200.0
200.0
200.0
200.0
200.0
200.0
200.0
200.0
200.0
200.0
200.0
200.0
200.0
200.0
200.0
200.0
200.0
200.0
200.0
200.0
200.0
200.0
200.0
200.0
200.0
200.0
200.0
200.0
200.0
200.0
200.0
200.0
200.0
200.0
200.0
200.0
200.0
200.0
200.0
200.0
200.0
200.0
200.0
200.0
200.0
200.0
200.0
200.0
200.0
200.0
200.0
200.0
200.0
200.0
200.0
200.0
200.0
200.0
200.0
200.0
200.0
200.0
200.0
200.0
200.0
200.0
200.0
200.0
200.0
200.0
200.0
200.0
200.0
200.0
200.0
200.0
200.0
200.0
200.0
200.0
200.0
200.0
200.0
200.0
200.0
200.0
200.0
200.0
200.0
200.0
200.0
200.0
200.0
200.0
200.0
200.0
200.0
200.0
200.0
200.0
200.0
200.0
200.0
200.0
200.0
200.0
200.0
200.0
200.0
200.0
200.0
200.0
200.0
200.0
200.0
200.0
200.0
200.0
200.0
200.0
200.0
200.0
200.0
200.0
200.0
200.0
200.0
200.0
200.0
200.0
200.0
200.0
200.0
200.0
200.0
200.0
200.0
200.0
200.0
200.0
200.0
200.0
200.0
200.0
200.0
200.0
200.0
200.0
200.0
200.0
200.0
200.0
200.0
200.0
200.0
200.0
200.0
200.0
200.0
200.0
200.0
200.0
200.0
200.0
200.0
200.0
200.0
200.0
200.0
200.0
200.0
200.0
200.0
200.0
200.0
200.0
200.0
200.0
200.0
200.0
200.0
200.0
200.0
200.0
200.0
200.0
200.0
200.0
200.0
200.0
200.0
200.0
200.0
200.0
200.0
200.0
200.0
200.0
200.0
200.0
200.0
200.0
200.0
200.0
200.0
200.0
200.0
200.0
200.0
200.0
200.0
200.0
200.0
200.0
200.0
200.0
200.0
200.0
200.0
200.0
200.0
200.0
200.0
200.0
200.0
200.0
200.0
200.0
200.0
200.0
200.0
200.0
200.0
200.0
200.0
200.0
200.0
200.0
200.0
200.0
200.0
200.0
200.0
200.0
200.0
200.0
200.0
200.0
200.0
200.0
200.0
200.0
200.0
200.0
200.0
200.0
200.0
200.0
200.0
200.0
200.0
200.0
200.0
200.0
200.0
200.0
200.0
200.0
200.0
200.0
200.0
200.0
200.0
200.0
200.0
200.0
200.0
200.0
200.0
200.0
200.0
200.0
200.0
200.0
200.0
200.0
200.0
200.0
200.0
200.0
200.0
200.0
200.0
200.0
200.0
200.0
200.0
200.0
200.0
200.0
200.0
200.0
200.0
200.0
200.0
200.0
200.0
200.0
200.0
200.0
200.0
200.0
200.0
200.0
200.0
200.0
200.0
200.0
200.0
200.0
200.0
200.0
200.0
200.0
200.0
200.0
200.0
200.0
200.0
200.0
200.0
200.0
200.0
200.0
200.0
200.0
200.0
200.0
200.0
200.0
200.0
200.0
200.0
200.0
200.0
200.0
200.0
200.0
200.0
200.0
200.0
200.0
200.0
200.0
200.0
200.0
200.0
200.0
200.0
200.0
200.0
200.0
200.0
200.0
200.0
200.0
200.0
200.0
200.0
200.0
200.0
200.0
200.0
200.0
200.0
200.0
200.0
200.0
200.0
200.0
200.0
200.0
200.0
200.0
200.0
200.0
200.0
200.0
200.0
200.0
200.0
200.0
200.0
200.0
200.0
200.0
200.0
200.0
200.0
200.0
200.0
200.0
200.0
200.0
200.0
200.0
200.0
200.0
200.0
200.0
200.0
200.0
200.0
200.0
200.0
200.0
200.0
200.0
200.0
200.0
200.0
200.0
200.0
200.0
200.0
200.0
200.0
200.0
200.0
200.0
200.0
200.0
200.0
200.0
200.0
200.0
200.0
200.0
200.0
200.0
200.0
200.0
200.0
200.0
200.0
200.0
200.0
200.0
200.0
200.0
200.0
200.0
200.0
200.0
200.0
200.0
200.0
200.0
200.0
200.0
200.0
200.0
200.0
200.0
200.0
200.0
200.0
200.0
200.0
200.0
200.0
200.0
200.0
200.0
200.0
200.0
200.0
200.0
200.0
200.0
200.0
200.0
200.0
200.0
200.0
200.0
200.0
200.0
200.0
200.0
200.0
200.0
200.0
200.0
200.0
200.0
200.0
200.0
200.0
200.0
200.0
200.0
200.0
200.0
200.0
200.0
200.0
200.0
200.0
200.0
200.0
200.0
200.0
200.0
200.0
200.0
200.0
200.0
200.0
200.0
200.0
200.0
200.0
200.0
200.0
200.0
200.0
200.0
200.0
200.0
200.0
200.0
200.0
200.0
200.0
200.0
200.0
200.0
200.0
200.0
200.0
200.0
200.0
200.0
200.0
200.0
200.0
200.0
200.0
200.0
200.0
200.0
200.0
200.0
200.0
200.0
200.0
200.0
200.0
200.0
200.0
200.0
200.0
200.0
200.0
200.0
200.0
200.0
200.0
200.0
200.0
200.0
200.0
200.0
200.0
200.0
200.0
200.0
200.0
200.0
200.0
200.0
200.0
200.0
200.0
200.0
200.0
200.0
200.0
200.0
200.0
200.0
200.0
200.0
200.0
200.0
200.0
200.0
200.0
200.0
200.0
200.0
200.0
200.0
200.0
200.0
200.0
200.0
200.0
200.0
200.0
200.0
200.0
200.0
200.0
200.0
200.0
200.0
200.0
200.0
200.0
200.0
200.0
200.0
200.0
200.0
200.0
200.0
200.0
200.0
200.0
200.0
200.0
200.0
200.0
200.0
200.0
200.0
200.0
200.0
200.0
200.0
200.0
200.0
200.0
200.0
200.0
200.0
200.0
200.0
200.0
200.0
200.0
200.0
200.0
200.0
200.0
200.0
200.0
200.0
200.0
200.0
200.0
200.0
200.0
200.0
200.0
200.0
200.0
200.0
200.0
200.0
200.0
200.0
200.0
200.0
200.0
200.0
200.0
200.0
200.0
200.0
200.0
200.0
200.0
200.0
200.0
200.0
200.0
200.0
200.0
200.0
200.0
200.0
200.0
200.0
200.0
200.0
200.0
200.0
200.0
200.0
200.0
200.0
200.0
200.0
200.0
200.0
200.0
200.0
200.0
200.0
200.0
200.0
200.0
200.0
200.0
200.0
200.0
200.0
200.0
200.0
200.0
200.0
200.0
200.0
200.0
200.0
200.0
200.0
200.0
200.0
200.0
200.0
200.0
200.0
200.0
200.0
200.0
200.0
200.0
200.0
200.0
200.0
200.0
200.0
200.0
200.0
200.0
200.0
200.0
200.0
200.0
200.0
200.0
200.0
200.0
200.0
200.0
200.0
200.0
200.0
200.0
200.0
200.0
200.0
200.0
200.0
200.0
200.0
200.0
200.0
200.0
200.0
200.0
200.0
200.0
200.0
200.0
200.0
200.0
200.0
200.0
200.0
200.0
200.0
200.0
200.0
200.0
200.0
200.0
200.0
200.0
200.0
200.0
200.0
200.0
200.0
200.0
200.0
200.0
200.0
200.0
200.0
200.0
200.0
200.0
200.0
200.0
200.0
200.0
200.0
200.0
200.0
200.0
200.0
200.0
200.0
200.0
200.0
200.0
200.0
200.0
200.0
200.0
200.0
200.0
200.0
200.0
200.0
200.0
200.0
200.0
200.0
200.0
200.0
200.0
200.0
200.0
200.0
200.0
200.0
200.0
200.0
200.0
200.0
200.0
200.0
200.0
200.0
200.0
200.0
200.0
200.0
200.0
200.0
200.0
200.0
200.0
200.0
200.0
200.0
200.0
200.0
200.0
200.0
200.0
200.0
200.0
200.0
200.0
200.0
200.0
200.0
200.0
200.0
200.0
200.0
200.0
200.0
200.0
200.0
200.0
200.0
200.0
200.0
200.0
200.0
200.0
200.0
200.0
200.0
200.0
200.0
200.0
200.0
200.0
200.0
200.0
200.0
200.0
200.0
200.0
200.0
200.0
200.0
200.0
200.0
200.0
200.0
200.0
200.0
200.0
200.0
200.0
200.0
200.0
200.0
200.0
200.0
200.0
200.0
200.0
200.0
200.0
200.0
200.0
200.0
200.0
200.0
200.0
200.0
200.0
200.0
200.0
200.0
200.0
200.0
200.0
200.0
200.0
200.0
200.0
200.0
200.0
200.0
200.0
200.0
200.0
200.0
200.0
200.0
200.0
200.0
200.0
200.0
200.0
200.0
200.0
200.0
200.0
200.0
200.0
200.0
200.0
200.0
200.0
200.0
200.0
200.0
200.0
200.0
200.0
200.0
200.0
200.0
200.0
200.0
200.0
200.0
200.0
200.0
200.0
200.0
200.0
200.0
200.0
200.0
200.0
200.0
200.0
200.0
200.0
200.0
200.0
200.0
200.0
200.0
200.0
200.0
200.0
200.0
200.0
200.0
200.0
200.0
200.0
200.0
200.0
200.0
200.0
200.0
200.0
200.0
200.0
200.0
200.0
200.0
200.0
200.0
200.0
200.0
200.0
200.0
200.0
200.0
200.0
200.0
200.0
200.0
200.0
200.0
200.0
200.0
200.0
200.0
200.0
200.0
200.0
200.0
200.0
200.0
200.0
200.0
200.0
200.0
200.0
200.0
200.0
200.0
200.0
200.0
200.0
200.0
200.0
200.0
200.0
200.0
200.0
200.0
200.0
200.0
200.0
200.0
200.0
200.0
200.0
200.0
200.0
200.0
200.0
200.0
200.0
200.0
200.0
200.0
200.0
200.0
200.0
200.0
200.0
200.0