33.0
16.0
19.0
17.0
18.0
50.0
16.0
49.0
17.0
10.0
20.0
26.0
10.0
22.0
26.0
26.0
36.0
22.0
26.0
14.0
36.0
58.0
26.0
18.0
25.0
17.0
13.0
24.0
11.0
16.0
21.0
17.0
19.0
28.0
34.0
21.0
21.0
35.0
61.0
28.0
24.0
17.0
12.0
44.0
20.0
63.0
26.0
20.0
10.0
13.0
14.0
15.0
11.0
10.0
34.0
12.0
27.0
15.0
10.0
34.0
21.0
13.0
26.0
11.0
23.0
17.0
20.0
11.0
18.0
14.0
27.0
11.0
11.0
12.0
22.0
21.0
12.0
22.0
33.0
15.0
21.0
33.0
36.0
13.0
9.0
12.0
34.0
13.0
28.0
35.0
23.0
15.0
32.0
17.0
15.0
26.0
26.0
9.0
11.0
32.0
11.0
30.0
24.0
17.0
11.0
21.0
22.0
16.0
9.0
21.0
20.0
11.0
28.0
10.0
13.0
14.0
34.0
33.0
21.0
22.0
14.0
14.0
20.0
22.0
29.0
11.0
12.0
35.0
25.0
9.0
49.0
11.0
46.0
15.0
17.0
63.0
11.0
12.0
37.0
28.0
17.0
41.0
75.0
36.0
15.0
29.0
15.0
17.0
10.0
15.0
34.0
51.0
13.0
14.0
16.0
21.0
25.0
22.0
20.0
22.0
48.0
12.0
16.0
13.0
21.0
20.0
17.0
12.0
34.0
57.0
29.0
25.0
19.0
31.0
19.0
18.0
14.0
39.0
22.0
25.0
19.0
35.0
34.0
24.0
44.0
39.0
17.0
22.0
37.0
31.0
22.0
51.0
65.0
19.0
29.0
15.0
61.0
32.0
50.0
29.0
17.0
13.0
13.0
52.0
17.0
64.0
28.0
62.0
27.0
12.0
20.0
21.0
47.0
25.0
20.0
69.0
35.0
105.0
42.0
74.0
29.0
64.0
40.0
26.0
47.0
23.0
42.0
36.0
26.0
19.0
42.0
16.0
45.0
32.0
64.0
53.0
47.0
56.0
38.0
71.0
57.0
40.0
54.0
58.0
51.0
90.0
65.0
47.0
42.0
52.0
106.0
61.0
93.0
107.0
36.0
92.0
51.0
63.0
149.0
93.0
51.0
87.0
93.0
124.0
58.0
68.0
83.0
120.0
95.0
110.0
90.0
96.0
193.0
86.0
49.0
71.0
180.0
68.0
96.0
78.0
67.0
87.0
119.0
84.0
200.0
86.0
78.0
78.0
91.0
88.0
85.0
99.0
164.0
83.0
97.0
117.0
186.0
94.0
136.0
103.0
113.0
110.0
101.0
107.0
141.0
107.0
89.0
90.0
86.0
93.0
97.0
106.0
82.0
124.0
93.0
109.0
123.0
102.0
107.0
119.0
101.0
104.0
108.0
129.0
114.0
117.0
129.0
135.0
127.0
96.0
122.0
109.0
125.0
112.0
114.0
94.0
125.0
138.0
93.0
108.0
125.0
149.0
95.0
157.0
140.0
102.0
102.0
119.0
97.0
97.0
115.0
142.0
131.0
109.0
123.0
114.0
111.0
127.0
99.0
135.0
113.0
96.0
127.0
111.0
127.0
134.0
111.0
143.0
117.0
111.0
133.0
155.0
130.0
123.0
141.0
200.0
128.0
147.0
149.0
200.0
200.0
200.0
133.0
164.0
200.0
167.0
172.0
187.0
163.0
200.0
170.0
176.0
200.0
200.0
147.0
200.0
200.0
200.0
200.0
157.0
200.0
175.0
200.0
200.0
129.0
200.0
200.0
183.0
200.0
179.0
200.0
146.0
144.0
200.0
147.0
113.0
200.0
162.0
200.0
200.0
200.0
137.0
162.0
141.0
200.0
141.0
174.0
200.0
117.0
172.0
200.0
195.0
200.0
200.0
124.0
200.0
200.0
122.0
165.0
200.0
133.0
200.0
200.0
137.0
200.0
141.0
179.0
200.0
175.0
186.0
200.0
158.0
200.0
200.0
200.0
200.0
194.0
200.0
200.0
200.0
182.0
189.0
200.0
173.0
200.0
200.0
200.0
200.0
200.0
175.0
200.0
200.0
200.0
200.0
192.0
200.0
147.0
146.0
188.0
200.0
200.0
198.0
200.0
200.0
200.0
200.0
174.0
183.0
200.0
185.0
150.0
200.0
200.0
200.0
200.0
180.0
200.0
178.0
200.0
200.0
200.0
164.0
200.0
200.0
183.0
200.0
167.0
200.0
184.0
197.0
187.0
200.0
200.0
200.0
169.0
189.0
200.0
200.0
197.0
199.0
188.0
186.0
192.0
200.0
194.0
200.0
200.0
197.0
169.0
165.0
150.0
200.0
179.0
200.0
153.0
169.0
197.0
179.0
200.0
200.0
147.0
193.0
200.0
172.0
159.0
200.0
196.0
200.0
168.0
181.0
200.0
177.0
188.0
200.0
200.0
200.0
200.0
200.0
200.0
200.0
200.0
200.0
175.0
200.0
198.0
200.0
200.0
200.0
200.0
168.0
200.0
200.0
200.0
200.0
200.0
200.0
200.0
200.0
184.0
152.0
200.0
200.0
200.0
200.0
200.0
200.0
200.0
200.0
200.0
191.0
157.0
200.0
200.0
200.0
200.0
200.0
183.0
200.0
158.0
200.0
200.0
158.0
200.0
200.0
200.0
200.0
152.0
200.0
192.0
200.0
191.0
156.0
200.0
173.0
200.0
200.0
190.0
191.0
200.0
200.0
200.0
200.0
200.0
187.0
191.0
189.0
200.0
200.0
200.0
175.0
200.0
200.0
200.0
200.0
195.0
182.0
170.0
200.0
176.0
185.0
195.0
200.0
196.0
179.0
198.0
162.0
200.0
200.0
200.0
187.0
200.0
200.0
155.0
171.0
164.0
171.0
144.0
140.0
145.0
153.0
191.0
145.0
133.0
141.0
157.0
170.0
186.0
190.0
170.0
171.0
146.0
164.0
134.0
148.0
150.0
137.0
133.0
141.0
138.0
144.0
142.0
121.0
124.0
138.0
130.0
161.0
139.0
139.0
144.0
128.0
143.0
136.0
133.0
138.0
124.0
137.0
137.0
108.0
111.0
125.0
120.0
133.0
117.0
115.0
127.0
114.0
122.0
121.0
115.0
127.0
129.0
126.0
124.0
115.0
119.0
128.0
121.0
117.0
120.0
113.0
120.0
119.0
117.0
111.0
114.0
112.0
113.0
122.0
108.0
111.0
114.0
107.0
108.0
113.0
113.0
104.0
104.0
112.0
112.0
102.0
107.0
105.0
109.0
116.0
107.0
115.0
113.0
108.0
113.0
103.0
24.0
20.0
23.0
103.0
26.0
110.0
25.0
22.0
20.0
25.0
17.0
29.0
100.0
104.0
108.0
19.0
26.0
106.0
107.0
17.0
21.0
22.0
22.0
23.0
13.0
17.0
22.0
21.0
16.0
20.0
23.0
105.0
21.0
19.0
20.0
109.0
20.0
114.0
112.0
106.0
119.0
20.0
23.0
109.0
15.0
13.0
104.0
106.0
103.0
105.0
103.0
104.0
22.0
105.0
19.0
20.0
17.0
19.0
16.0
19.0
17.0
17.0
22.0
15.0
21.0
13.0
21.0
17.0
15.0
17.0
13.0
17.0
20.0
24.0
13.0
100.0
31.0
17.0
21.0
15.0
26.0
18.0
101.0
19.0
22.0
107.0
104.0
28.0
105.0
16.0
14.0
16.0
25.0
17.0
20.0
20.0
20.0
19.0
22.0
15.0
17.0
10.0
16.0
18.0
21.0
109.0
25.0
15.0
19.0
112.0
21.0
108.0
116.0
114.0
19.0
17.0
18.0
17.0
104.0
105.0
12.0
112.0
25.0
111.0
115.0
116.0
108.0
123.0
118.0
115.0
124.0
118.0
123.0
120.0
127.0
126.0
17.0
14.0
117.0
119.0
117.0
122.0
124.0
127.0
122.0
128.0
133.0
128.0
127.0
124.0
136.0
141.0
142.0
143.0
123.0
147.0
152.0
155.0
148.0
138.0
154.0
145.0
135.0
140.0
161.0
169.0
160.0
150.0
155.0
167.0
186.0
193.0
200.0
177.0
187.0
200.0
200.0
200.0
200.0
200.0
200.0
200.0
200.0
200.0
200.0
200.0
200.0
200.0
200.0
200.0
200.0
200.0
200.0
200.0
200.0
200.0
200.0
200.0
200.0
200.0
200.0
200.0
200.0
200.0
200.0
200.0
200.0
200.0
200.0
200.0
200.0
200.0
200.0
200.0
200.0
200.0
200.0
200.0
200.0
200.0
200.0
200.0
200.0
200.0
200.0
200.0
200.0
200.0
200.0
200.0
200.0
200.0
200.0
200.0
200.0
200.0
200.0
200.0
200.0
200.0
200.0
200.0
200.0
200.0
200.0
200.0
200.0
200.0
200.0
200.0
200.0
200.0
200.0
200.0
200.0
200.0
200.0
200.0
200.0
200.0
200.0
200.0
200.0
200.0
200.0
200.0
200.0
200.0
200.0
200.0
200.0
200.0
200.0
200.0
200.0
200.0
200.0
200.0
200.0
200.0
200.0
200.0
200.0
200.0
200.0
200.0
200.0
200.0
200.0
200.0
200.0
200.0
200.0
200.0
200.0
200.0
200.0
200.0
200.0
200.0
200.0
200.0
200.0
200.0
200.0
200.0
200.0
200.0
200.0
200.0
200.0
200.0
200.0
200.0
200.0
200.0
200.0
200.0
200.0
200.0
200.0
200.0
200.0
200.0
200.0
200.0
200.0
200.0
200.0
200.0
200.0
200.0
200.0
200.0
200.0
200.0
200.0
200.0
200.0
200.0
200.0
200.0
200.0
200.0
200.0
200.0
200.0
200.0
200.0
200.0
200.0
200.0
200.0
200.0
200.0
200.0
200.0
200.0
200.0
200.0
200.0
200.0
200.0
200.0
200.0
200.0
200.0
200.0
200.0
200.0
200.0
200.0
200.0
200.0
200.0
200.0
200.0
200.0
200.0
200.0
200.0
200.0
200.0
200.0
200.0
200.0
200.0
200.0
200.0
200.0
200.0
200.0
200.0
200.0
200.0
200.0
200.0
200.0
200.0
200.0
200.0
200.0
200.0
200.0
200.0
200.0
200.0
200.0
200.0
200.0
200.0
200.0
200.0
200.0
200.0
200.0
200.0
200.0
200.0
200.0
200.0
200.0
200.0
200.0
200.0
200.0
200.0
200.0
200.0
200.0
200.0
200.0
200.0
200.0
200.0
200.0
200.0
200.0
200.0
200.0
200.0
200.0
200.0
200.0
200.0
200.0
200.0
200.0
200.0
200.0
200.0
200.0
200.0
200.0
200.0
200.0
200.0
200.0
200.0
200.0
200.0
200.0
200.0
200.0
200.0
200.0
200.0
200.0
200.0
200.0
200.0
200.0
200.0
200.0
200.0
200.0
200.0
200.0
200.0
200.0
200.0
200.0
200.0
200.0
200.0
200.0
200.0
200.0
200.0
200.0
200.0
200.0
200.0
200.0
200.0
200.0
200.0
200.0
200.0
200.0
200.0
200.0
200.0
200.0
200.0
200.0
200.0
200.0
200.0
200.0
200.0
200.0
200.0
200.0
200.0
200.0
200.0
200.0
200.0
200.0
200.0
200.0
200.0
200.0
200.0
200.0
200.0
200.0
200.0
200.0
200.0
200.0
200.0
200.0
200.0
200.0
200.0
200.0
200.0
200.0
200.0
200.0
200.0
200.0
200.0
200.0
200.0
200.0
200.0
200.0
200.0
200.0
200.0
200.0
200.0
200.0
200.0
200.0
200.0
200.0
200.0
200.0
200.0
200.0
200.0
200.0
200.0
200.0
200.0
200.0
200.0
200.0
200.0
200.0
200.0
200.0
200.0
200.0
200.0
200.0
200.0
200.0
200.0
200.0
200.0
200.0
200.0
200.0
200.0
200.0
200.0
200.0
200.0
200.0
200.0
200.0
200.0
200.0
200.0
200.0
200.0
200.0
200.0
200.0
200.0
200.0
200.0
200.0
200.0
200.0
200.0
200.0
200.0
200.0
200.0
200.0
200.0
200.0
200.0
200.0
200.0
200.0
200.0
200.0
200.0
200.0
200.0
200.0
200.0
200.0
200.0
200.0
200.0
200.0
200.0
200.0
200.0
200.0
200.0
200.0
200.0
200.0
200.0
200.0
200.0
200.0
200.0
200.0
200.0
200.0
200.0
200.0
200.0
200.0
200.0
200.0
200.0
200.0
200.0
200.0
200.0
200.0
200.0
200.0
200.0
200.0
200.0
200.0
200.0
200.0
200.0
200.0
200.0
200.0
200.0
200.0
200.0
200.0
200.0
200.0
200.0
200.0
200.0
200.0
200.0
200.0
200.0
200.0
200.0
200.0
200.0
200.0
200.0
200.0
200.0
200.0
200.0
200.0
200.0
200.0
200.0
200.0
200.0
200.0
200.0
200.0
200.0
200.0
200.0
200.0
200.0
200.0
200.0
200.0
200.0
200.0
200.0
200.0
200.0
200.0
200.0
200.0
200.0
200.0
200.0
200.0
200.0
200.0
200.0
200.0
200.0
200.0
200.0
200.0
200.0
200.0
200.0
200.0
200.0
200.0
200.0
200.0
200.0
200.0
200.0
200.0
200.0
200.0
200.0
200.0
200.0
200.0
200.0
200.0
200.0
200.0
200.0
200.0
200.0
200.0
200.0
200.0
200.0
200.0
200.0
200.0
200.0
200.0
200.0
200.0
200.0
200.0
200.0
200.0
200.0
200.0
200.0
200.0
200.0
200.0
200.0
200.0
200.0
200.0
200.0
200.0
200.0
200.0
200.0
200.0
200.0
200.0
200.0
200.0
200.0
200.0
200.0
200.0
200.0
200.0
200.0
200.0
200.0
200.0
200.0
200.0
200.0
200.0
200.0
200.0
200.0
200.0
200.0
200.0
200.0
200.0
200.0
200.0
200.0
200.0
200.0
200.0
200.0
200.0
200.0
200.0
200.0
200.0
200.0
200.0
200.0
200.0
200.0
200.0
200.0
200.0
200.0
200.0
200.0
200.0
200.0
200.0
200.0
200.0
200.0
200.0
200.0
200.0
200.0
200.0
200.0
200.0
200.0
200.0
200.0
200.0
200.0
200.0
200.0
200.0
200.0
200.0
200.0
200.0
200.0
200.0
200.0
200.0
200.0
200.0
200.0
200.0
200.0
200.0
200.0
200.0
200.0
200.0
200.0
200.0
200.0
200.0
200.0
200.0
200.0
200.0
200.0
200.0
200.0
200.0
200.0
200.0
200.0
200.0
200.0
200.0
200.0
200.0
200.0
200.0
200.0
200.0
200.0
200.0
200.0
200.0
200.0
200.0
200.0
200.0
200.0
200.0
200.0
200.0
200.0
200.0
200.0
200.0
200.0
200.0
200.0
200.0
200.0
200.0
200.0
200.0
200.0
200.0
200.0
200.0
200.0
200.0
200.0
200.0
200.0
200.0
200.0
200.0
200.0
200.0
200.0
200.0
200.0
200.0
200.0
200.0
200.0
200.0
200.0
200.0
200.0
200.0
200.0
200.0
200.0
200.0
200.0
200.0
200.0
200.0
200.0
200.0
200.0
200.0
200.0
200.0
200.0
200.0
200.0
200.0
200.0
200.0
200.0
200.0
200.0
200.0
200.0
200.0
200.0
200.0
200.0
200.0
200.0
200.0
200.0
200.0
200.0
200.0
200.0
200.0
200.0
200.0
200.0
200.0
200.0
200.0
200.0
200.0
200.0
200.0
200.0
200.0
200.0
200.0
200.0
200.0
200.0
200.0
200.0
200.0
200.0
200.0
200.0
200.0
200.0
200.0
200.0
200.0
200.0
200.0
200.0
200.0
200.0
200.0
200.0
200.0
200.0
200.0
200.0
200.0
200.0
200.0
200.0
200.0
200.0
200.0
200.0
200.0
200.0
200.0
200.0
200.0
200.0
200.0
200.0
200.0
200.0
200.0
200.0
200.0
200.0
200.0
200.0
200.0
200.0
200.0
200.0
200.0
200.0
200.0
200.0
200.0
200.0
200.0
200.0
200.0
200.0
200.0
200.0
200.0
200.0
200.0
200.0
200.0
200.0
200.0
200.0
200.0
200.0
200.0
200.0
200.0
200.0
200.0
200.0
200.0
200.0
200.0
200.0
200.0
200.0
200.0
200.0
200.0
200.0
200.0
200.0
200.0
200.0
200.0
200.0
200.0
200.0
200.0
200.0
200.0
200.0
200.0
200.0
200.0
200.0
200.0
200.0
200.0
200.0
200.0
200.0
200.0
200.0
200.0
200.0
200.0
200.0
200.0
200.0
200.0
200.0
200.0
200.0
200.0
200.0
200.0
200.0
200.0
200.0
200.0
200.0
200.0
200.0
200.0
200.0
200.0
200.0
200.0
200.0
200.0
200.0
200.0
200.0
200.0
200.0
200.0
200.0
200.0
200.0
200.0
200.0
200.0
200.0
200.0
200.0
200.0
200.0
200.0
200.0
200.0
200.0
200.0
200.0
200.0
200.0
200.0
200.0
200.0
200.0
200.0
200.0
200.0
200.0
200.0
200.0
200.0
200.0
200.0
200.0
200.0
200.0
200.0
200.0
200.0
200.0
200.0
200.0
200.0
200.0
200.0
200.0
200.0
200.0
200.0
200.0
200.0
200.0
200.0
200.0
200.0
200.0
200.0
200.0
200.0
200.0
200.0
200.0
200.0
200.0
200.0
200.0
200.0
200.0
200.0
200.0
200.0
200.0
200.0
200.0
200.0
200.0
200.0
200.0
200.0
200.0
200.0
200.0
200.0
200.0
200.0
200.0
200.0
200.0
200.0
200.0
200.0
200.0
200.0
200.0
200.0
200.0
200.0
200.0
200.0
