36.0
14.0
42.0
9.0
24.0
21.0
16.0
13.0
12.0
16.0
15.0
15.0
47.0
15.0
11.0
15.0
15.0
16.0
25.0
43.0
25.0
25.0
11.0
16.0
16.0
50.0
17.0
10.0
13.0
11.0
30.0
13.0
21.0
14.0
41.0
15.0
49.0
22.0
16.0
15.0
18.0
15.0
13.0
21.0
31.0
29.0
29.0
13.0
21.0
14.0
12.0
22.0
25.0
12.0
19.0
19.0
33.0
22.0
30.0
39.0
23.0
36.0
16.0
19.0
19.0
21.0
10.0
18.0
23.0
13.0
11.0
14.0
18.0
16.0
12.0
14.0
35.0
25.0
25.0
67.0
36.0
26.0
10.0
24.0
21.0
11.0
23.0
15.0
13.0
14.0
20.0
38.0
13.0
9.0
20.0
17.0
20.0
13.0
15.0
14.0
33.0
9.0
11.0
17.0
43.0
20.0
27.0
17.0
20.0
22.0
22.0
25.0
55.0
17.0
13.0
21.0
25.0
15.0
23.0
17.0
17.0
15.0
20.0
19.0
18.0
14.0
25.0
13.0
9.0
38.0
16.0
12.0
26.0
14.0
12.0
16.0
13.0
29.0
11.0
15.0
15.0
10.0
15.0
10.0
12.0
12.0
9.0
17.0
14.0
49.0
22.0
15.0
14.0
12.0
18.0
16.0
12.0
21.0
22.0
14.0
18.0
18.0
24.0
15.0
18.0
20.0
15.0
13.0
20.0
26.0
25.0
22.0
66.0
11.0
19.0
18.0
15.0
15.0
17.0
28.0
21.0
14.0
18.0
35.0
23.0
13.0
27.0
25.0
15.0
14.0
10.0
13.0
18.0
16.0
14.0
17.0
10.0
29.0
13.0
21.0
13.0
11.0
31.0
32.0
22.0
39.0
16.0
26.0
26.0
22.0
14.0
12.0
16.0
30.0
17.0
13.0
27.0
23.0
26.0
18.0
35.0
16.0
17.0
27.0
21.0
12.0
17.0
31.0
22.0
25.0
22.0
31.0
35.0
17.0
28.0
20.0
16.0
41.0
46.0
20.0
30.0
16.0
16.0
13.0
27.0
33.0
19.0
32.0
26.0
24.0
32.0
68.0
55.0
58.0
59.0
28.0
59.0
16.0
29.0
23.0
20.0
25.0
26.0
33.0
39.0
39.0
19.0
30.0
25.0
33.0
21.0
55.0
38.0
23.0
23.0
37.0
19.0
27.0
37.0
18.0
23.0
38.0
24.0
42.0
55.0
58.0
44.0
82.0
36.0
38.0
37.0
37.0
22.0
33.0
55.0
28.0
43.0
32.0
26.0
88.0
33.0
59.0
78.0
74.0
50.0
66.0
37.0
39.0
84.0
68.0
37.0
20.0
46.0
54.0
94.0
94.0
88.0
103.0
90.0
107.0
180.0
42.0
109.0
76.0
93.0
65.0
94.0
148.0
52.0
107.0
111.0
92.0
200.0
200.0
135.0
74.0
62.0
174.0
106.0
54.0
144.0
153.0
60.0
86.0
66.0
87.0
75.0
71.0
93.0
107.0
95.0
81.0
71.0
104.0
76.0
200.0
78.0
104.0
200.0
154.0
101.0
105.0
117.0
104.0
120.0
175.0
113.0
109.0
112.0
81.0
200.0
200.0
96.0
127.0
142.0
100.0
99.0
155.0
138.0
132.0
120.0
161.0
149.0
134.0
119.0
114.0
122.0
124.0
103.0
152.0
126.0
113.0
169.0
154.0
103.0
97.0
99.0
101.0
99.0
95.0
88.0
107.0
129.0
141.0
111.0
116.0
118.0
144.0
124.0
111.0
110.0
106.0
100.0
118.0
116.0
94.0
96.0
96.0
115.0
112.0
100.0
104.0
95.0
95.0
101.0
106.0
97.0
105.0
124.0
102.0
89.0
96.0
89.0
127.0
100.0
101.0
112.0
114.0
122.0
93.0
110.0
151.0
106.0
105.0
119.0
120.0
107.0
114.0
121.0
148.0
109.0
140.0
123.0
117.0
130.0
149.0
134.0
123.0
130.0
171.0
122.0
127.0
134.0
185.0
163.0
113.0
141.0
112.0
119.0
95.0
156.0
121.0
139.0
117.0
200.0
131.0
137.0
130.0
109.0
126.0
127.0
153.0
110.0
165.0
134.0
139.0
141.0
200.0
200.0
169.0
145.0
120.0
179.0
173.0
200.0
200.0
141.0
180.0
120.0
147.0
200.0
144.0
183.0
200.0
200.0
200.0
198.0
200.0
200.0
200.0
200.0
168.0
200.0
159.0
200.0
200.0
134.0
200.0
168.0
172.0
168.0
174.0
200.0
200.0
200.0
200.0
200.0
131.0
200.0
200.0
200.0
180.0
200.0
200.0
200.0
193.0
165.0
200.0
159.0
200.0
169.0
157.0
200.0
200.0
200.0
200.0
200.0
150.0
200.0
200.0
200.0
178.0
200.0
200.0
200.0
166.0
186.0
163.0
169.0
162.0
149.0
200.0
160.0
159.0
154.0
200.0
200.0
163.0
153.0
186.0
200.0
177.0
173.0
156.0
200.0
200.0
165.0
200.0
196.0
188.0
156.0
142.0
179.0
200.0
186.0
152.0
136.0
144.0
141.0
156.0
159.0
168.0
146.0
192.0
162.0
159.0
162.0
155.0
149.0
150.0
200.0
197.0
151.0
152.0
200.0
170.0
189.0
156.0
163.0
156.0
164.0
200.0
182.0
149.0
200.0
200.0
168.0
143.0
163.0
192.0
150.0
200.0
155.0
152.0
194.0
200.0
168.0
152.0
177.0
200.0
147.0
200.0
172.0
168.0
166.0
164.0
191.0
167.0
184.0
200.0
200.0
195.0
155.0
174.0
200.0
170.0
169.0
160.0
200.0
150.0
173.0
200.0
148.0
200.0
200.0
200.0
176.0
200.0
200.0
200.0
200.0
195.0
165.0
200.0
183.0
161.0
190.0
200.0
200.0
138.0
200.0
187.0
181.0
200.0
191.0
200.0
200.0
200.0
200.0
200.0
200.0
153.0
200.0
200.0
200.0
196.0
134.0
163.0
185.0
200.0
200.0
188.0
178.0
200.0
200.0
200.0
164.0
200.0
197.0
162.0
200.0
199.0
192.0
200.0
200.0
200.0
200.0
190.0
200.0
200.0
184.0
168.0
200.0
200.0
200.0
124.0
200.0
151.0
200.0
200.0
140.0
200.0
200.0
200.0
200.0
200.0
200.0
200.0
200.0
200.0
200.0
200.0
200.0
200.0
184.0
200.0
200.0
200.0
200.0
200.0
200.0
200.0
200.0
152.0
200.0
200.0
200.0
200.0
160.0
200.0
200.0
200.0
200.0
200.0
200.0
200.0
200.0
200.0
200.0
200.0
200.0
200.0
200.0
200.0
200.0
200.0
200.0
200.0
163.0
200.0
200.0
200.0
200.0
200.0
183.0
200.0
161.0
149.0
162.0
200.0
151.0
200.0
200.0
200.0
200.0
200.0
200.0
200.0
200.0
200.0
200.0
200.0
200.0
200.0
200.0
200.0
200.0
200.0
200.0
200.0
200.0
200.0
200.0
200.0
200.0
200.0
200.0
200.0
200.0
200.0
200.0
200.0
200.0
200.0
200.0
200.0
200.0
200.0
200.0
200.0
200.0
200.0
200.0
200.0
200.0
200.0
200.0
200.0
200.0
200.0
200.0
200.0
200.0
200.0
200.0
200.0
200.0
200.0
200.0
200.0
200.0
200.0
200.0
200.0
200.0
200.0
200.0
200.0
200.0
200.0
200.0
200.0
200.0
200.0
200.0
200.0
200.0
200.0
200.0
200.0
200.0
200.0
200.0
200.0
200.0
200.0
200.0
200.0
200.0
200.0
200.0
200.0
200.0
200.0
200.0
200.0
200.0
200.0
200.0
200.0
200.0
200.0
200.0
200.0
200.0
200.0
200.0
200.0
200.0
200.0
200.0
200.0
200.0
200.0
200.0
200.0
200.0
200.0
200.0
200.0
200.0
200.0
200.0
200.0
200.0
200.0
200.0
200.0
200.0
200.0
200.0
200.0
200.0
200.0
200.0
200.0
200.0
200.0
200.0
200.0
200.0
200.0
200.0
200.0
200.0
200.0
200.0
200.0
200.0
200.0
200.0
200.0
200.0
200.0
200.0
200.0
200.0
200.0
200.0
200.0
200.0
200.0
200.0
200.0
200.0
200.0
200.0
200.0
200.0
200.0
200.0
200.0
200.0
200.0
200.0
200.0
200.0
200.0
200.0
200.0
200.0
200.0
200.0
200.0
200.0
200.0
200.0
200.0
200.0
200.0
200.0
200.0
200.0
200.0
200.0
200.0
200.0
200.0
200.0
200.0
200.0
200.0
200.0
200.0
200.0
200.0
200.0
200.0
200.0
200.0
200.0
200.0
200.0
200.0
200.0
200.0
200.0
200.0
200.0
200.0
200.0
200.0
200.0
200.0
200.0
200.0
200.0
200.0
200.0
200.0
200.0
200.0
200.0
200.0
200.0
200.0
200.0
200.0
200.0
200.0
200.0
200.0
200.0
200.0
200.0
200.0
200.0
200.0
200.0
200.0
200.0
200.0
200.0
200.0
200.0
200.0
200.0
200.0
200.0
200.0
200.0
200.0
200.0
200.0
200.0
200.0
200.0
200.0
200.0
200.0
200.0
200.0
200.0
200.0
200.0
200.0
200.0
200.0
200.0
200.0
200.0
200.0
200.0
200.0
200.0
200.0
200.0
200.0
200.0
200.0
200.0
200.0
200.0
200.0
200.0
200.0
200.0
200.0
200.0
200.0
200.0
200.0
200.0
200.0
200.0
200.0
200.0
200.0
200.0
200.0
200.0
200.0
200.0
200.0
200.0
200.0
200.0
200.0
200.0
200.0
200.0
200.0
200.0
200.0
200.0
200.0
200.0
200.0
200.0
200.0
200.0
200.0
200.0
200.0
200.0
200.0
200.0
200.0
200.0
200.0
200.0
200.0
200.0
200.0
200.0
200.0
200.0
200.0
200.0
200.0
200.0
200.0
200.0
200.0
200.0
200.0
200.0
200.0
200.0
200.0
200.0
200.0
200.0
200.0
200.0
200.0
200.0
200.0
200.0
200.0
200.0
200.0
200.0
200.0
200.0
200.0
200.0
200.0
200.0
200.0
200.0
200.0
200.0
200.0
200.0
200.0
200.0
200.0
200.0
200.0
200.0
200.0
200.0
200.0
200.0
200.0
200.0
200.0
200.0
200.0
200.0
200.0
200.0
200.0
200.0
200.0
200.0
200.0
200.0
200.0
200.0
200.0
200.0
200.0
200.0
200.0
200.0
200.0
200.0
200.0
200.0
200.0
200.0
200.0
200.0
200.0
200.0
200.0
200.0
200.0
200.0
200.0
200.0
200.0
200.0
200.0
200.0
200.0
200.0
200.0
200.0
200.0
200.0
200.0
200.0
200.0
200.0
200.0
200.0
200.0
200.0
200.0
200.0
200.0
200.0
200.0
200.0
200.0
200.0
200.0
200.0
200.0
200.0
200.0
200.0
200.0
200.0
200.0
200.0
200.0
200.0
200.0
200.0
200.0
200.0
200.0
200.0
200.0
200.0
200.0
200.0
200.0
200.0
200.0
200.0
200.0
200.0
200.0
200.0
200.0
200.0
200.0
200.0
200.0
200.0
200.0
200.0
200.0
200.0
200.0
200.0
200.0
200.0
200.0
200.0
200.0
200.0
200.0
200.0
200.0
200.0
200.0
200.0
200.0
200.0
200.0
200.0
200.0
200.0
200.0
200.0
200.0
200.0
200.0
200.0
200.0
200.0
200.0
200.0
200.0
200.0
200.0
200.0
200.0
200.0
200.0
200.0
200.0
200.0
200.0
200.0
200.0
200.0
200.0
200.0
200.0
200.0
200.0
200.0
200.0
200.0
200.0
200.0
200.0
200.0
200.0
200.0
200.0
200.0
200.0
200.0
200.0
200.0
200.0
200.0
200.0
200.0
200.0
200.0
200.0
200.0
200.0
200.0
200.0
200.0
200.0
200.0
200.0
200.0
200.0
200.0
200.0
200.0
200.0
200.0
200.0
200.0
200.0
200.0
200.0
200.0
200.0
200.0
200.0
200.0
200.0
200.0
200.0
200.0
200.0
200.0
200.0
200.0
200.0
200.0
200.0
200.0
200.0
200.0
200.0
200.0
200.0
200.0
200.0
200.0
200.0
200.0
200.0
200.0
200.0
200.0
200.0
200.0
200.0
200.0
200.0
200.0
200.0
200.0
200.0
200.0
200.0
200.0
200.0
200.0
200.0
200.0
200.0
200.0
200.0
200.0
200.0
200.0
200.0
200.0
200.0
200.0
200.0
200.0
200.0
200.0
200.0
200.0
200.0
200.0
200.0
200.0
200.0
200.0
200.0
200.0
200.0
200.0
200.0
200.0
200.0
200.0
200.0
200.0
200.0
200.0
200.0
200.0
200.0
200.0
200.0
200.0
200.0
200.0
200.0
200.0
200.0
200.0
200.0
200.0
200.0
200.0
200.0
200.0
200.0
200.0
200.0
200.0
200.0
200.0
200.0
200.0
200.0
200.0
200.0
200.0
200.0
200.0
200.0
200.0
200.0
200.0
200.0
200.0
200.0
200.0
200.0
200.0
200.0
200.0
200.0
200.0
200.0
200.0
200.0
200.0
200.0
200.0
200.0
200.0
200.0
200.0
200.0
200.0
200.0
200.0
200.0
200.0
200.0
200.0
200.0
200.0
200.0
200.0
200.0
200.0
200.0
200.0
200.0
200.0
200.0
200.0
200.0
200.0
200.0
200.0
200.0
200.0
200.0
200.0
200.0
200.0
200.0
200.0
200.0
200.0
200.0
200.0
200.0
200.0
200.0
200.0
200.0
200.0
200.0
200.0
200.0
200.0
200.0
200.0
200.0
200.0
200.0
200.0
200.0
200.0
200.0
200.0
200.0
200.0
200.0
200.0
200.0
200.0
200.0
200.0
200.0
200.0
200.0
200.0
200.0
200.0
200.0
200.0
200.0
200.0
200.0
200.0
200.0
200.0
200.0
200.0
200.0
200.0
200.0
200.0
200.0
200.0
200.0
200.0
200.0
200.0
200.0
200.0
200.0
200.0
200.0
200.0
200.0
200.0
200.0
200.0
200.0
200.0
200.0
200.0
200.0
200.0
200.0
200.0
200.0
200.0
200.0
200.0
200.0
200.0
200.0
200.0
200.0
200.0
200.0
200.0
200.0
200.0
200.0
200.0
200.0
200.0
200.0
200.0
200.0
200.0
200.0
200.0
200.0
200.0
200.0
200.0
200.0
200.0
200.0
200.0
200.0
200.0
200.0
200.0
200.0
200.0
200.0
200.0
200.0
200.0
200.0
200.0
200.0
200.0
200.0
200.0
200.0
200.0
200.0
200.0
200.0
200.0
200.0
200.0
200.0
200.0
200.0
200.0
200.0
200.0
200.0
200.0
200.0
200.0
200.0
200.0
200.0
200.0
200.0
200.0
200.0
200.0
200.0
200.0
200.0
200.0
200.0
200.0
200.0
200.0
200.0
200.0
200.0
200.0
200.0
200.0
200.0
200.0
200.0
200.0
200.0
200.0
200.0
200.0
200.0
200.0
200.0
200.0
200.0
200.0
200.0
200.0
200.0
200.0
200.0
200.0
200.0
200.0
200.0
200.0
200.0
200.0
200.0
200.0
200.0
200.0
200.0
200.0
200.0
200.0
200.0
200.0
200.0
200.0
200.0
200.0
200.0
200.0
200.0
200.0
200.0
200.0
200.0
200.0
200.0
200.0
200.0
200.0
200.0
200.0
200.0
200.0
200.0
200.0
200.0
200.0
200.0
200.0
200.0
200.0
200.0
200.0
200.0
200.0
200.0
200.0
200.0
200.0
200.0
200.0
200.0
200.0
200.0
200.0
200.0
200.0
200.0
200.0
200.0
200.0
200.0
200.0
200.0
200.0
200.0
200.0
200.0
200.0
200.0
200.0
200.0
200.0
200.0
200.0
200.0
200.0
200.0
200.0
200.0
200.0
200.0
200.0
200.0
200.0
200.0
200.0
200.0
200.0
200.0
200.0
200.0
200.0
200.0
200.0
200.0
200.0
200.0
200.0
200.0
200.0
200.0
200.0
200.0
200.0
200.0
200.0
200.0
200.0
200.0
200.0
200.0
200.0
200.0
200.0
200.0
200.0
200.0
200.0
200.0
200.0
200.0
200.0
200.0
200.0
200.0
200.0
200.0
200.0
200.0
200.0
200.0
200.0
200.0
200.0
200.0
200.0
200.0
200.0
200.0
200.0
200.0
200.0
200.0
200.0
200.0
200.0
200.0
200.0
200.0
200.0
200.0
200.0
200.0
200.0
200.0
200.0
200.0
200.0
200.0
200.0
200.0
200.0
200.0
200.0
200.0
200.0
200.0
200.0
200.0
200.0
200.0
200.0
200.0
200.0
200.0
200.0
200.0
200.0
200.0
200.0
200.0
200.0
200.0
200.0
200.0
200.0
200.0
200.0
200.0
200.0
200.0
200.0
200.0
200.0
200.0
200.0
200.0
200.0
200.0
200.0
200.0
200.0
200.0
200.0
200.0
200.0
200.0
200.0
200.0
200.0
200.0
200.0
200.0
200.0
200.0
200.0
200.0
200.0
200.0
200.0
200.0
200.0
200.0
200.0
200.0
200.0
200.0
200.0
200.0
200.0
200.0
200.0
200.0
200.0
200.0
200.0
200.0
200.0
200.0
200.0
200.0
200.0
200.0
200.0
200.0
200.0
200.0
200.0
200.0
200.0
200.0
200.0
200.0
200.0
200.0
200.0
200.0
200.0
200.0
200.0
200.0
200.0
200.0
200.0
200.0
200.0
200.0
200.0
200.0
200.0
200.0
200.0
200.0
