26.0
24.0
16.0
18.0
23.0
15.0
21.0
13.0
29.0
36.0
13.0
12.0
10.0
28.0
15.0
14.0
35.0
21.0
19.0
22.0
16.0
22.0
15.0
17.0
11.0
14.0
35.0
36.0
20.0
13.0
23.0
17.0
16.0
18.0
11.0
12.0
25.0
37.0
20.0
22.0
12.0
15.0
59.0
26.0
18.0
9.0
17.0
17.0
13.0
15.0
20.0
18.0
21.0
11.0
24.0
14.0
13.0
16.0
20.0
24.0
30.0
21.0
15.0
23.0
19.0
17.0
9.0
21.0
16.0
44.0
15.0
18.0
65.0
19.0
17.0
48.0
18.0
24.0
20.0
14.0
21.0
48.0
11.0
32.0
15.0
74.0
12.0
28.0
13.0
13.0
9.0
10.0
16.0
25.0
31.0
16.0
20.0
11.0
24.0
49.0
27.0
33.0
11.0
35.0
26.0
22.0
17.0
27.0
12.0
21.0
55.0
17.0
19.0
18.0
20.0
31.0
33.0
19.0
15.0
22.0
12.0
12.0
11.0
20.0
12.0
12.0
31.0
25.0
15.0
15.0
8.0
24.0
20.0
25.0
13.0
13.0
68.0
30.0
13.0
15.0
15.0
28.0
14.0
13.0
18.0
49.0
27.0
18.0
30.0
14.0
22.0
22.0
11.0
10.0
12.0
13.0
13.0
13.0
19.0
14.0
10.0
14.0
43.0
28.0
22.0
10.0
11.0
14.0
13.0
18.0
42.0
23.0
30.0
65.0
19.0
10.0
91.0
40.0
17.0
14.0
12.0
14.0
21.0
11.0
19.0
12.0
21.0
27.0
36.0
49.0
32.0
66.0
67.0
71.0
20.0
50.0
99.0
53.0
63.0
33.0
34.0
49.0
93.0
45.0
28.0
41.0
33.0
34.0
62.0
72.0
31.0
70.0
50.0
15.0
39.0
56.0
73.0
47.0
49.0
35.0
55.0
50.0
41.0
26.0
46.0
60.0
98.0
53.0
136.0
60.0
80.0
73.0
49.0
51.0
80.0
72.0
45.0
65.0
56.0
97.0
53.0
57.0
131.0
74.0
112.0
60.0
114.0
74.0
138.0
103.0
89.0
105.0
200.0
110.0
146.0
94.0
81.0
98.0
87.0
113.0
81.0
93.0
91.0
84.0
183.0
83.0
95.0
200.0
200.0
156.0
119.0
144.0
200.0
177.0
176.0
166.0
107.0
153.0
112.0
95.0
93.0
76.0
98.0
68.0
86.0
168.0
129.0
116.0
84.0
126.0
129.0
128.0
101.0
99.0
117.0
145.0
118.0
134.0
103.0
112.0
125.0
174.0
200.0
141.0
121.0
152.0
161.0
151.0
152.0
200.0
191.0
146.0
166.0
200.0
178.0
159.0
200.0
187.0
152.0
200.0
200.0
177.0
174.0
200.0
200.0
200.0
200.0
200.0
200.0
200.0
200.0
200.0
200.0
193.0
200.0
200.0
200.0
200.0
200.0
200.0
200.0
200.0
200.0
200.0
200.0
200.0
200.0
200.0
200.0
200.0
200.0
200.0
200.0
200.0
200.0
200.0
200.0
200.0
200.0
200.0
200.0
200.0
191.0
200.0
200.0
180.0
200.0
200.0
200.0
200.0
200.0
200.0
199.0
197.0
200.0
200.0
193.0
200.0
200.0
200.0
174.0
200.0
200.0
167.0
200.0
200.0
200.0
200.0
200.0
200.0
200.0
200.0
200.0
200.0
200.0
200.0
200.0
200.0
200.0
200.0
200.0
200.0
200.0
200.0
200.0
200.0
162.0
200.0
169.0
200.0
200.0
200.0
200.0
200.0
200.0
200.0
200.0
200.0
200.0
200.0
200.0
200.0
200.0
200.0
200.0
200.0
200.0
184.0
200.0
176.0
200.0
197.0
200.0
200.0
198.0
200.0
158.0
199.0
200.0
200.0
200.0
200.0
194.0
200.0
200.0
200.0
200.0
200.0
200.0
184.0
184.0
199.0
200.0
200.0
176.0
191.0
200.0
200.0
200.0
200.0
200.0
200.0
200.0
200.0
200.0
169.0
200.0
200.0
200.0
200.0
200.0
200.0
195.0
200.0
198.0
200.0
200.0
200.0
200.0
200.0
200.0
200.0
200.0
200.0
199.0
200.0
200.0
147.0
200.0
174.0
200.0
200.0
200.0
200.0
200.0
200.0
200.0
200.0
200.0
200.0
173.0
200.0
200.0
187.0
200.0
200.0
195.0
197.0
200.0
200.0
199.0
200.0
200.0
200.0
200.0
181.0
190.0
167.0
186.0
200.0
183.0
200.0
200.0
200.0
200.0
200.0
200.0
200.0
200.0
175.0
153.0
200.0
194.0
200.0
200.0
200.0
200.0
188.0
200.0
200.0
200.0
200.0
187.0
200.0
200.0
200.0
200.0
200.0
184.0
200.0
194.0
200.0
200.0
200.0
178.0
197.0
182.0
200.0
195.0
170.0
200.0
200.0
200.0
200.0
191.0
200.0
193.0
200.0
155.0
196.0
177.0
200.0
167.0
191.0
186.0
191.0
200.0
200.0
200.0
200.0
200.0
200.0
200.0
200.0
200.0
190.0
171.0
200.0
200.0
197.0
200.0
200.0
164.0
200.0
179.0
200.0
200.0
200.0
200.0
200.0
200.0
200.0
200.0
200.0
193.0
200.0
197.0
200.0
179.0
196.0
200.0
200.0
200.0
185.0
200.0
200.0
180.0
200.0
200.0
200.0
200.0
200.0
200.0
200.0
200.0
190.0
200.0
200.0
200.0
200.0
200.0
200.0
200.0
200.0
200.0
177.0
200.0
200.0
200.0
200.0
200.0
200.0
200.0
200.0
200.0
200.0
200.0
172.0
200.0
200.0
200.0
200.0
200.0
200.0
200.0
200.0
200.0
200.0
200.0
200.0
200.0
200.0
200.0
200.0
200.0
200.0
193.0
200.0
200.0
200.0
200.0
200.0
200.0
181.0
200.0
200.0
200.0
200.0
197.0
200.0
151.0
200.0
200.0
200.0
169.0
200.0
200.0
194.0
171.0
200.0
200.0
200.0
200.0
200.0
200.0
200.0
200.0
200.0
200.0
200.0
200.0
200.0
200.0
200.0
200.0
200.0
200.0
200.0
200.0
177.0
200.0
200.0
200.0
200.0
200.0
185.0
200.0
200.0
200.0
171.0
200.0
200.0
200.0
200.0
200.0
199.0
200.0
200.0
200.0
200.0
200.0
171.0
200.0
179.0
200.0
173.0
182.0
200.0
198.0
200.0
200.0
200.0
200.0
200.0
197.0
200.0
200.0
179.0
152.0
174.0
167.0
196.0
170.0
174.0
187.0
200.0
193.0
186.0
185.0
168.0
163.0
169.0
179.0
152.0
175.0
192.0
172.0
182.0
200.0
188.0
198.0
197.0
200.0
180.0
163.0
168.0
192.0
179.0
179.0
173.0
192.0
182.0
200.0
189.0
197.0
200.0
199.0
200.0
200.0
200.0
200.0
200.0
200.0
200.0
200.0
200.0
200.0
200.0
200.0
200.0
200.0
200.0
200.0
200.0
200.0
200.0
200.0
200.0
200.0
200.0
200.0
200.0
200.0
200.0
200.0
200.0
200.0
200.0
200.0
200.0
200.0
200.0
200.0
200.0
200.0
200.0
200.0
200.0
200.0
200.0
200.0
200.0
200.0
200.0
200.0
200.0
200.0
200.0
200.0
200.0
200.0
200.0
200.0
200.0
200.0
200.0
200.0
200.0
200.0
200.0
200.0
200.0
200.0
200.0
200.0
200.0
200.0
200.0
200.0
200.0
200.0
200.0
200.0
200.0
200.0
200.0
200.0
200.0
200.0
200.0
200.0
200.0
200.0
200.0
200.0
200.0
200.0
200.0
200.0
200.0
200.0
200.0
200.0
200.0
200.0
200.0
200.0
200.0
200.0
200.0
200.0
200.0
200.0
200.0
200.0
200.0
200.0
200.0
200.0
200.0
200.0
200.0
200.0
200.0
200.0
200.0
200.0
200.0
200.0
200.0
200.0
200.0
200.0
200.0
200.0
200.0
200.0
200.0
200.0
200.0
200.0
200.0
200.0
200.0
200.0
200.0
200.0
200.0
200.0
200.0
200.0
200.0
200.0
200.0
200.0
200.0
200.0
200.0
200.0
200.0
200.0
200.0
200.0
200.0
200.0
200.0
200.0
200.0
200.0
200.0
200.0
200.0
200.0
200.0
200.0
200.0
200.0
200.0
200.0
200.0
200.0
200.0
200.0
200.0
200.0
200.0
200.0
200.0
200.0
200.0
200.0
200.0
200.0
200.0
200.0
200.0
200.0
200.0
200.0
200.0
200.0
200.0
200.0
200.0
200.0
200.0
200.0
200.0
200.0
200.0
200.0
200.0
200.0
200.0
200.0
200.0
200.0
200.0
200.0
200.0
200.0
200.0
200.0
200.0
200.0
200.0
200.0
200.0
200.0
200.0
200.0
200.0
200.0
200.0
200.0
200.0
200.0
200.0
200.0
200.0
200.0
200.0
200.0
200.0
200.0
200.0
200.0
200.0
200.0
200.0
200.0
200.0
200.0
200.0
200.0
200.0
200.0
200.0
200.0
200.0
200.0
200.0
200.0
200.0
200.0
200.0
200.0
200.0
200.0
200.0
200.0
200.0
200.0
200.0
200.0
200.0
200.0
200.0
200.0
200.0
200.0
200.0
200.0
200.0
200.0
200.0
200.0
200.0
200.0
200.0
200.0
200.0
200.0
200.0
200.0
200.0
200.0
200.0
200.0
200.0
200.0
200.0
200.0
200.0
200.0
200.0
200.0
200.0
200.0
200.0
200.0
200.0
200.0
200.0
200.0
200.0
200.0
200.0
200.0
200.0
200.0
200.0
200.0
200.0
200.0
200.0
200.0
200.0
200.0
200.0
200.0
200.0
200.0
200.0
200.0
200.0
200.0
200.0
200.0
200.0
200.0
200.0
200.0
200.0
200.0
200.0
200.0
200.0
200.0
200.0
200.0
200.0
200.0
200.0
200.0
200.0
200.0
200.0
200.0
200.0
200.0
200.0
200.0
200.0
200.0
200.0
200.0
200.0
200.0
200.0
200.0
200.0
200.0
200.0
200.0
200.0
200.0
200.0
200.0
200.0
200.0
200.0
200.0
200.0
200.0
200.0
200.0
200.0
200.0
200.0
200.0
200.0
200.0
200.0
200.0
200.0
200.0
200.0
200.0
200.0
200.0
200.0
200.0
200.0
200.0
200.0
200.0
200.0
200.0
200.0
200.0
200.0
200.0
200.0
200.0
200.0
200.0
200.0
200.0
200.0
200.0
200.0
200.0
200.0
200.0
200.0
200.0
200.0
200.0
200.0
200.0
200.0
200.0
200.0
200.0
200.0
200.0
200.0
200.0
200.0
200.0
200.0
200.0
200.0
200.0
200.0
200.0
200.0
200.0
200.0
200.0
200.0
200.0
200.0
200.0
200.0
200.0
200.0
200.0
200.0
200.0
200.0
200.0
200.0
200.0
200.0
200.0
200.0
200.0
200.0
200.0
200.0
200.0
200.0
200.0
200.0
200.0
200.0
200.0
200.0
200.0
200.0
200.0
200.0
200.0
200.0
200.0
200.0
200.0
200.0
200.0
200.0
200.0
200.0
200.0
200.0
200.0
200.0
200.0
200.0
200.0
200.0
200.0
200.0
200.0
200.0
200.0
200.0
200.0
200.0
200.0
200.0
200.0
200.0
200.0
200.0
200.0
200.0
200.0
200.0
200.0
200.0
200.0
200.0
200.0
200.0
200.0
200.0
200.0
200.0
200.0
200.0
200.0
200.0
200.0
200.0
200.0
200.0
200.0
200.0
200.0
200.0
200.0
200.0
200.0
200.0
200.0
200.0
200.0
200.0
200.0
200.0
200.0
200.0
200.0
200.0
200.0
200.0
200.0
200.0
200.0
200.0
200.0
200.0
200.0
200.0
200.0
200.0
200.0
200.0
200.0
200.0
200.0
200.0
200.0
200.0
200.0
200.0
200.0
200.0
200.0
200.0
200.0
200.0
200.0
200.0
200.0
200.0
200.0
200.0
200.0
200.0
200.0
200.0
200.0
200.0
200.0
200.0
200.0
200.0
200.0
200.0
200.0
200.0
200.0
200.0
200.0
200.0
200.0
200.0
200.0
200.0
200.0
200.0
200.0
200.0
200.0
200.0
200.0
200.0
200.0
200.0
200.0
200.0
200.0
200.0
200.0
200.0
200.0
200.0
200.0
200.0
200.0
200.0
200.0
200.0
200.0
200.0
200.0
200.0
200.0
200.0
200.0
200.0
200.0
200.0
200.0
200.0
200.0
200.0
200.0
200.0
200.0
200.0
200.0
200.0
200.0
200.0
200.0
200.0
200.0
200.0
200.0
200.0
200.0
200.0
200.0
200.0
200.0
200.0
200.0
200.0
200.0
200.0
200.0
200.0
200.0
200.0
200.0
200.0
200.0
200.0
200.0
200.0
200.0
200.0
200.0
200.0
200.0
200.0
200.0
200.0
200.0
200.0
200.0
200.0
200.0
200.0
200.0
200.0
200.0
200.0
200.0
200.0
200.0
200.0
200.0
200.0
200.0
200.0
200.0
200.0
200.0
200.0
200.0
200.0
200.0
200.0
200.0
200.0
200.0
200.0
200.0
200.0
200.0
200.0
200.0
200.0
200.0
200.0
200.0
200.0
200.0
200.0
200.0
200.0
200.0
200.0
200.0
200.0
200.0
200.0
200.0
200.0
200.0
200.0
200.0
200.0
200.0
200.0
200.0
200.0
200.0
200.0
200.0
200.0
200.0
200.0
200.0
200.0
200.0
200.0
200.0
200.0
200.0
200.0
200.0
200.0
200.0
200.0
200.0
200.0
200.0
200.0
200.0
200.0
200.0
200.0
200.0
200.0
200.0
200.0
200.0
200.0
200.0
200.0
200.0
200.0
200.0
200.0
200.0
200.0
200.0
200.0
200.0
200.0
200.0
200.0
200.0
200.0
200.0
200.0
200.0
200.0
200.0
200.0
200.0
200.0
200.0
200.0
200.0
200.0
200.0
200.0
200.0
200.0
200.0
200.0
200.0
200.0
200.0
200.0
200.0
200.0
200.0
200.0
200.0
200.0
200.0
200.0
200.0
200.0
200.0
200.0
200.0
200.0
200.0
200.0
200.0
200.0
200.0
200.0
200.0
200.0
200.0
200.0
200.0
200.0
200.0
200.0
200.0
200.0
200.0
200.0
200.0
200.0
200.0
200.0
200.0
200.0
200.0
200.0
200.0
200.0
200.0
200.0
200.0
200.0
200.0
200.0
200.0
200.0
200.0
200.0
200.0
200.0
200.0
200.0
200.0
200.0
200.0
200.0
200.0
200.0
200.0
200.0
200.0
200.0
200.0
200.0
200.0
200.0
200.0
200.0
200.0
200.0
200.0
200.0
200.0
200.0
200.0
200.0
200.0
200.0
200.0
200.0
200.0
200.0
200.0
200.0
200.0
200.0
200.0
200.0
200.0
200.0
200.0
200.0
200.0
200.0
200.0
200.0
200.0
200.0
200.0
200.0
200.0
200.0
200.0
200.0
200.0
200.0
200.0
200.0
200.0
200.0
200.0
200.0
200.0
200.0
200.0
200.0
200.0
200.0
200.0
200.0
200.0
200.0
200.0
200.0
200.0
200.0
200.0
200.0
200.0
200.0
200.0
200.0
200.0
200.0
200.0
200.0
200.0
200.0
200.0
200.0
200.0
200.0
200.0
200.0
200.0
200.0
200.0
200.0
200.0
200.0
200.0
200.0
200.0
200.0
200.0
200.0
200.0
200.0
200.0
200.0
200.0
200.0
200.0
200.0
200.0
200.0
200.0
200.0
200.0
200.0
200.0
200.0
200.0
200.0
200.0
200.0
200.0
200.0
200.0
200.0
200.0
200.0
200.0
200.0
200.0
200.0
200.0
200.0
200.0
200.0
200.0
200.0
200.0
200.0
200.0
200.0
200.0
200.0
200.0
200.0
200.0
200.0
200.0
200.0
200.0
200.0
200.0
200.0
200.0
200.0
200.0
200.0
200.0
200.0
200.0
200.0
200.0
200.0
200.0
200.0
200.0
200.0
200.0
200.0
200.0
200.0
200.0
200.0
200.0
200.0
200.0
200.0
200.0
200.0
200.0
200.0
200.0
200.0
200.0
200.0
200.0
200.0
200.0
200.0
200.0
200.0
200.0
200.0
200.0
200.0
200.0
200.0
200.0
200.0
200.0
200.0
200.0
200.0
200.0
200.0
200.0
200.0
200.0
200.0
200.0
200.0
200.0
200.0
200.0
200.0
200.0
200.0
200.0
200.0
200.0
200.0
200.0
200.0
200.0
200.0
200.0
200.0
200.0
200.0
200.0
200.0
200.0
200.0
200.0
200.0
200.0
200.0
200.0
200.0
200.0
200.0
200.0
200.0
200.0
200.0
200.0
200.0
200.0
200.0
200.0
200.0
200.0
200.0
200.0
200.0
200.0
200.0
200.0
200.0
200.0
200.0
200.0
200.0
200.0
200.0
200.0
200.0
200.0
200.0
200.0
200.0
200.0
200.0
200.0
200.0
200.0
200.0
200.0
200.0
200.0
200.0
200.0
200.0
200.0
200.0
200.0
200.0
200.0
200.0
200.0
200.0
200.0
200.0
200.0
200.0
200.0
200.0
200.0
200.0
200.0
200.0
200.0
200.0
200.0
200.0
200.0
200.0
200.0
200.0
200.0
200.0
200.0
200.0
200.0
200.0
200.0
200.0
200.0
200.0
200.0
200.0
200.0
200.0
200.0
200.0
200.0
200.0
200.0
200.0
200.0
200.0
200.0
200.0
200.0
200.0
200.0
200.0
200.0
200.0
