22.0
27.0
32.0
16.0
46.0
27.0
15.0
14.0
30.0
10.0
30.0
11.0
16.0
17.0
16.0
11.0
9.0
19.0
14.0
15.0
12.0
10.0
12.0
23.0
24.0
14.0
21.0
15.0
27.0
17.0
21.0
10.0
28.0
36.0
16.0
21.0
56.0
20.0
27.0
14.0
22.0
15.0
31.0
27.0
15.0
32.0
57.0
30.0
23.0
23.0
21.0
18.0
90.0
11.0
24.0
20.0
56.0
9.0
14.0
14.0
15.0
19.0
14.0
29.0
21.0
14.0
31.0
15.0
21.0
10.0
23.0
10.0
36.0
14.0
14.0
33.0
44.0
19.0
16.0
27.0
42.0
46.0
23.0
9.0
19.0
19.0
17.0
19.0
20.0
22.0
14.0
15.0
13.0
11.0
12.0
16.0
28.0
16.0
34.0
38.0
28.0
15.0
12.0
23.0
14.0
32.0
15.0
30.0
17.0
11.0
12.0
31.0
23.0
24.0
16.0
17.0
13.0
11.0
16.0
13.0
12.0
15.0
14.0
14.0
44.0
12.0
21.0
19.0
15.0
10.0
15.0
15.0
12.0
22.0
15.0
23.0
23.0
31.0
17.0
34.0
16.0
17.0
19.0
32.0
38.0
91.0
26.0
55.0
69.0
82.0
54.0
32.0
36.0
38.0
34.0
26.0
24.0
19.0
60.0
71.0
51.0
44.0
12.0
13.0
26.0
31.0
61.0
50.0
38.0
39.0
25.0
31.0
27.0
61.0
89.0
28.0
40.0
82.0
65.0
131.0
18.0
100.0
54.0
69.0
32.0
83.0
69.0
51.0
74.0
127.0
50.0
33.0
88.0
66.0
52.0
35.0
35.0
62.0
75.0
83.0
29.0
67.0
51.0
49.0
151.0
99.0
52.0
141.0
56.0
27.0
71.0
66.0
99.0
70.0
87.0
63.0
90.0
60.0
115.0
120.0
154.0
97.0
106.0
71.0
84.0
156.0
94.0
116.0
200.0
137.0
198.0
108.0
118.0
117.0
108.0
129.0
134.0
111.0
200.0
119.0
200.0
200.0
186.0
190.0
200.0
164.0
200.0
200.0
179.0
200.0
140.0
149.0
186.0
155.0
149.0
163.0
152.0
181.0
189.0
165.0
171.0
193.0
184.0
200.0
173.0
200.0
185.0
200.0
200.0
200.0
200.0
200.0
200.0
200.0
200.0
200.0
200.0
191.0
186.0
198.0
173.0
193.0
200.0
200.0
200.0
179.0
199.0
200.0
188.0
200.0
200.0
189.0
173.0
154.0
186.0
172.0
200.0
169.0
145.0
173.0
177.0
200.0
148.0
200.0
176.0
159.0
176.0
184.0
195.0
200.0
156.0
155.0
179.0
158.0
166.0
156.0
196.0
162.0
179.0
194.0
191.0
172.0
173.0
164.0
150.0
178.0
187.0
181.0
189.0
145.0
200.0
186.0
183.0
171.0
137.0
145.0
139.0
157.0
159.0
152.0
148.0
153.0
156.0
162.0
138.0
151.0
181.0
170.0
181.0
170.0
162.0
155.0
198.0
181.0
191.0
161.0
178.0
194.0
165.0
174.0
147.0
159.0
165.0
193.0
200.0
190.0
199.0
200.0
173.0
162.0
184.0
200.0
183.0
185.0
200.0
177.0
180.0
200.0
200.0
200.0
184.0
200.0
200.0
200.0
185.0
200.0
200.0
200.0
200.0
200.0
188.0
200.0
200.0
200.0
200.0
200.0
200.0
200.0
200.0
200.0
200.0
200.0
200.0
200.0
200.0
200.0
200.0
200.0
200.0
200.0
200.0
200.0
200.0
200.0
200.0
194.0
200.0
200.0
200.0
200.0
200.0
200.0
166.0
179.0
200.0
192.0
197.0
166.0
200.0
200.0
200.0
200.0
200.0
200.0
200.0
200.0
200.0
200.0
172.0
200.0
200.0
200.0
200.0
200.0
200.0
200.0
200.0
200.0
200.0
200.0
183.0
177.0
200.0
178.0
200.0
200.0
176.0
200.0
200.0
200.0
189.0
200.0
200.0
167.0
200.0
200.0
168.0
157.0
200.0
200.0
195.0
200.0
200.0
200.0
200.0
184.0
200.0
200.0
200.0
178.0
200.0
187.0
190.0
193.0
200.0
200.0
200.0
200.0
200.0
200.0
182.0
200.0
180.0
200.0
200.0
200.0
185.0
199.0
200.0
170.0
200.0
185.0
200.0
162.0
200.0
200.0
200.0
197.0
177.0
200.0
200.0
200.0
200.0
200.0
200.0
200.0
200.0
200.0
200.0
200.0
200.0
200.0
200.0
200.0
200.0
200.0
200.0
168.0
169.0
193.0
185.0
200.0
160.0
200.0
200.0
200.0
188.0
200.0
197.0
200.0
200.0
170.0
200.0
200.0
182.0
177.0
181.0
199.0
200.0
200.0
184.0
190.0
200.0
193.0
192.0
200.0
177.0
200.0
175.0
200.0
200.0
190.0
164.0
200.0
167.0
190.0
176.0
200.0
172.0
168.0
200.0
192.0
200.0
199.0
200.0
200.0
159.0
200.0
200.0
183.0
200.0
200.0
200.0
200.0
200.0
169.0
200.0
200.0
194.0
200.0
157.0
175.0
186.0
167.0
190.0
186.0
200.0
200.0
182.0
173.0
200.0
200.0
187.0
178.0
177.0
184.0
162.0
176.0
170.0
200.0
197.0
174.0
144.0
164.0
164.0
170.0
185.0
166.0
156.0
162.0
186.0
185.0
172.0
157.0
194.0
200.0
183.0
200.0
200.0
156.0
153.0
173.0
176.0
180.0
189.0
177.0
200.0
191.0
200.0
200.0
179.0
167.0
198.0
175.0
200.0
195.0
192.0
187.0
200.0
183.0
200.0
200.0
186.0
175.0
187.0
184.0
175.0
173.0
178.0
167.0
176.0
152.0
160.0
200.0
196.0
193.0
176.0
168.0
195.0
171.0
196.0
200.0
200.0
194.0
182.0
172.0
161.0
170.0
180.0
156.0
156.0
185.0
178.0
153.0
159.0
185.0
181.0
200.0
196.0
186.0
187.0
190.0
169.0
190.0
176.0
158.0
196.0
168.0
195.0
176.0
174.0
200.0
200.0
200.0
200.0
200.0
169.0
195.0
200.0
173.0
200.0
200.0
200.0
175.0
200.0
186.0
199.0
180.0
168.0
179.0
181.0
185.0
200.0
200.0
200.0
200.0
200.0
200.0
200.0
181.0
195.0
200.0
200.0
200.0
200.0
200.0
200.0
200.0
200.0
200.0
200.0
200.0
200.0
200.0
200.0
200.0
200.0
200.0
200.0
200.0
200.0
200.0
161.0
200.0
200.0
200.0
200.0
200.0
200.0
200.0
200.0
200.0
200.0
200.0
200.0
200.0
200.0
160.0
200.0
200.0
200.0
200.0
200.0
200.0
200.0
200.0
200.0
200.0
200.0
200.0
200.0
200.0
200.0
200.0
200.0
200.0
200.0
88.0
200.0
200.0
200.0
200.0
200.0
200.0
200.0
200.0
200.0
200.0
200.0
200.0
200.0
200.0
200.0
200.0
200.0
200.0
200.0
200.0
200.0
200.0
200.0
200.0
200.0
200.0
200.0
200.0
200.0
200.0
200.0
200.0
200.0
200.0
200.0
200.0
200.0
200.0
200.0
200.0
200.0
200.0
200.0
200.0
200.0
200.0
200.0
200.0
200.0
200.0
200.0
200.0
200.0
200.0
200.0
200.0
200.0
200.0
200.0
200.0
200.0
200.0
200.0
200.0
200.0
200.0
200.0
200.0
200.0
200.0
200.0
200.0
200.0
200.0
200.0
200.0
200.0
200.0
200.0
200.0
200.0
200.0
200.0
200.0
200.0
200.0
200.0
200.0
200.0
200.0
200.0
200.0
200.0
200.0
200.0
200.0
200.0
200.0
200.0
200.0
200.0
200.0
200.0
200.0
200.0
200.0
200.0
200.0
200.0
200.0
200.0
200.0
200.0
200.0
200.0
200.0
200.0
200.0
200.0
200.0
200.0
200.0
200.0
200.0
200.0
200.0
200.0
200.0
200.0
200.0
200.0
200.0
200.0
200.0
200.0
200.0
200.0
200.0
200.0
200.0
200.0
200.0
200.0
200.0
200.0
200.0
200.0
200.0
200.0
200.0
200.0
200.0
200.0
200.0
200.0
200.0
200.0
200.0
200.0
200.0
200.0
200.0
200.0
200.0
200.0
200.0
200.0
200.0
200.0
200.0
200.0
200.0
200.0
200.0
200.0
200.0
200.0
200.0
200.0
200.0
200.0
200.0
200.0
200.0
200.0
200.0
200.0
200.0
200.0
200.0
200.0
200.0
200.0
200.0
200.0
200.0
200.0
200.0
200.0
200.0
200.0
200.0
200.0
200.0
200.0
200.0
200.0
200.0
200.0
200.0
200.0
200.0
200.0
200.0
200.0
200.0
200.0
200.0
200.0
200.0
200.0
200.0
200.0
200.0
200.0
200.0
200.0
200.0
200.0
200.0
200.0
200.0
200.0
200.0
200.0
200.0
200.0
200.0
200.0
200.0
200.0
200.0
200.0
200.0
200.0
200.0
200.0
200.0
200.0
200.0
200.0
200.0
200.0
200.0
200.0
200.0
200.0
200.0
200.0
200.0
200.0
200.0
200.0
200.0
200.0
200.0
200.0
200.0
200.0
200.0
200.0
200.0
200.0
200.0
200.0
200.0
200.0
200.0
200.0
200.0
200.0
200.0
200.0
200.0
200.0
200.0
200.0
200.0
200.0
200.0
200.0
200.0
200.0
200.0
200.0
200.0
200.0
200.0
200.0
200.0
200.0
200.0
200.0
200.0
200.0
200.0
200.0
200.0
200.0
200.0
200.0
200.0
200.0
200.0
200.0
200.0
200.0
200.0
200.0
200.0
200.0
200.0
200.0
200.0
200.0
200.0
200.0
200.0
200.0
200.0
200.0
200.0
200.0
200.0
200.0
200.0
200.0
200.0
200.0
200.0
200.0
200.0
200.0
200.0
200.0
200.0
200.0
200.0
200.0
200.0
200.0
200.0
200.0
200.0
200.0
200.0
200.0
200.0
200.0
200.0
200.0
200.0
200.0
200.0
200.0
200.0
200.0
200.0
200.0
200.0
200.0
200.0
200.0
200.0
200.0
200.0
200.0
200.0
200.0
200.0
200.0
200.0
200.0
200.0
200.0
200.0
200.0
200.0
200.0
200.0
200.0
200.0
200.0
200.0
200.0
200.0
200.0
200.0
200.0
200.0
200.0
200.0
200.0
200.0
200.0
200.0
200.0
200.0
200.0
200.0
200.0
200.0
200.0
200.0
200.0
200.0
200.0
200.0
200.0
200.0
200.0
200.0
200.0
200.0
200.0
200.0
200.0
200.0
200.0
200.0
200.0
200.0
200.0
200.0
200.0
200.0
200.0
200.0
200.0
200.0
200.0
200.0
200.0
200.0
200.0
200.0
200.0
200.0
200.0
200.0
200.0
200.0
200.0
200.0
200.0
200.0
200.0
200.0
200.0
200.0
200.0
200.0
200.0
200.0
200.0
200.0
200.0
200.0
200.0
200.0
200.0
200.0
200.0
200.0
200.0
200.0
200.0
200.0
200.0
200.0
200.0
200.0
200.0
200.0
200.0
200.0
200.0
200.0
200.0
200.0
200.0
200.0
200.0
200.0
200.0
200.0
200.0
200.0
200.0
200.0
200.0
200.0
200.0
200.0
200.0
200.0
200.0
200.0
200.0
200.0
200.0
200.0
200.0
200.0
200.0
200.0
200.0
200.0
200.0
200.0
200.0
200.0
200.0
200.0
200.0
200.0
200.0
200.0
200.0
200.0
200.0
200.0
200.0
200.0
200.0
200.0
200.0
200.0
200.0
200.0
200.0
200.0
200.0
200.0
200.0
200.0
200.0
200.0
200.0
200.0
200.0
200.0
200.0
200.0
200.0
200.0
200.0
200.0
200.0
200.0
200.0
200.0
200.0
200.0
200.0
200.0
200.0
200.0
200.0
200.0
200.0
200.0
200.0
200.0
200.0
200.0
200.0
200.0
200.0
200.0
200.0
200.0
200.0
200.0
200.0
200.0
200.0
200.0
200.0
200.0
200.0
200.0
200.0
200.0
200.0
200.0
200.0
200.0
200.0
200.0
200.0
200.0
200.0
200.0
200.0
200.0
200.0
200.0
200.0
200.0
200.0
200.0
200.0
200.0
200.0
200.0
200.0
200.0
200.0
200.0
200.0
200.0
200.0
200.0
200.0
200.0
200.0
200.0
200.0
200.0
200.0
200.0
200.0
200.0
200.0
200.0
200.0
200.0
200.0
200.0
200.0
200.0
200.0
200.0
200.0
200.0
200.0
200.0
200.0
200.0
200.0
200.0
200.0
200.0
200.0
200.0
200.0
200.0
200.0
200.0
200.0
200.0
200.0
200.0
200.0
200.0
200.0
200.0
200.0
200.0
200.0
200.0
200.0
200.0
200.0
200.0
200.0
200.0
200.0
200.0
200.0
200.0
200.0
200.0
200.0
200.0
200.0
200.0
200.0
200.0
200.0
200.0
200.0
200.0
200.0
200.0
200.0
200.0
200.0
200.0
200.0
200.0
200.0
200.0
200.0
200.0
200.0
200.0
200.0
200.0
200.0
200.0
200.0
200.0
200.0
200.0
200.0
200.0
200.0
200.0
200.0
200.0
200.0
200.0
200.0
200.0
200.0
200.0
200.0
200.0
200.0
200.0
200.0
200.0
200.0
200.0
200.0
200.0
200.0
200.0
200.0
200.0
200.0
200.0
200.0
200.0
200.0
200.0
200.0
200.0
200.0
200.0
200.0
200.0
200.0
200.0
200.0
200.0
200.0
200.0
200.0
200.0
200.0
200.0
200.0
200.0
200.0
200.0
200.0
200.0
200.0
200.0
200.0
200.0
200.0
200.0
200.0
200.0
200.0
200.0
200.0
200.0
200.0
200.0
200.0
200.0
200.0
200.0
200.0
200.0
200.0
200.0
200.0
200.0
200.0
200.0
200.0
200.0
200.0
200.0
200.0
200.0
200.0
200.0
200.0
200.0
200.0
200.0
200.0
200.0
200.0
200.0
200.0
200.0
200.0
200.0
200.0
200.0
200.0
200.0
200.0
200.0
200.0
200.0
200.0
200.0
200.0
200.0
200.0
200.0
200.0
200.0
200.0
200.0
200.0
200.0
200.0
200.0
200.0
200.0
200.0
200.0
200.0
200.0
200.0
200.0
200.0
200.0
200.0
200.0
200.0
200.0
200.0
200.0
200.0
200.0
200.0
200.0
200.0
200.0
200.0
200.0
200.0
200.0
200.0
200.0
200.0
200.0
200.0
200.0
200.0
200.0
200.0
200.0
200.0
200.0
200.0
200.0
200.0
200.0
200.0
200.0
200.0
200.0
200.0
200.0
200.0
200.0
200.0
200.0
200.0
200.0
200.0
200.0
200.0
200.0
200.0
200.0
200.0
200.0
200.0
200.0
200.0
200.0
200.0
200.0
200.0
200.0
200.0
200.0
200.0
200.0
200.0
200.0
200.0
200.0
200.0
200.0
200.0
200.0
200.0
200.0
200.0
200.0
200.0
200.0
200.0
200.0
200.0
200.0
200.0
200.0
200.0
200.0
200.0
200.0
200.0
200.0
200.0
200.0
200.0
200.0
200.0
200.0
200.0
200.0
200.0
200.0
200.0
200.0
200.0
200.0
200.0
200.0
200.0
200.0
200.0
200.0
200.0
200.0
200.0
200.0
200.0
200.0
200.0
200.0
200.0
200.0
200.0
200.0
200.0
200.0
200.0
200.0
200.0
200.0
200.0
200.0
200.0
200.0
200.0
200.0
200.0
200.0
200.0
200.0
200.0
200.0
200.0
200.0
200.0
200.0
200.0
200.0
200.0
200.0
200.0
200.0
200.0
200.0
200.0
200.0
200.0
200.0
200.0
200.0
200.0
200.0
200.0
200.0
200.0
200.0
200.0
200.0
200.0
200.0
200.0
200.0
200.0
200.0
200.0
200.0
200.0
200.0
200.0
200.0
200.0
200.0
200.0
200.0
200.0
200.0
200.0
200.0
200.0
200.0
200.0
200.0
200.0
200.0
200.0
200.0
200.0
200.0
200.0
200.0
200.0
200.0
200.0
200.0
200.0
200.0
200.0
200.0
200.0
200.0
200.0
200.0
200.0
200.0
200.0
200.0
200.0
200.0
200.0
200.0
200.0
200.0
200.0
200.0
200.0
200.0
200.0
200.0
200.0
200.0
200.0
200.0
200.0
200.0
200.0
200.0
200.0
200.0
200.0
200.0
200.0
200.0
200.0
200.0
200.0
200.0
200.0
200.0
200.0
200.0
200.0
200.0
200.0
200.0
200.0
200.0
200.0
200.0
200.0
200.0
200.0
200.0
200.0
200.0
200.0
200.0
200.0
200.0
200.0
200.0
200.0
200.0
200.0
200.0
200.0
200.0
200.0
200.0
200.0
200.0
200.0
200.0
200.0
200.0
200.0
200.0
200.0
200.0
200.0
200.0
200.0
200.0
200.0
200.0
200.0
200.0
200.0
200.0
200.0
200.0
200.0
200.0
200.0
200.0
200.0
200.0
200.0
200.0
200.0
200.0
200.0
200.0
200.0
200.0
200.0
200.0
200.0
200.0
200.0
200.0
200.0
200.0
200.0
200.0
200.0
200.0
200.0
200.0
200.0
200.0
200.0
200.0
200.0
200.0
200.0
200.0
200.0
200.0
200.0
200.0
200.0
200.0
200.0
200.0
200.0
200.0
200.0
200.0
200.0
200.0
200.0
200.0
200.0
200.0
200.0
200.0
200.0
200.0
200.0
200.0
200.0
200.0
200.0
200.0
200.0
200.0
