18.0
13.0
11.0
13.0
41.0
21.0
21.0
29.0
32.0
15.0
9.0
25.0
37.0
23.0
13.0
10.0
40.0
24.0
15.0
22.0
24.0
35.0
15.0
10.0
22.0
16.0
19.0
16.0
13.0
11.0
58.0
45.0
28.0
35.0
13.0
20.0
17.0
15.0
25.0
23.0
14.0
26.0
19.0
25.0
28.0
13.0
17.0
15.0
15.0
45.0
34.0
16.0
15.0
15.0
26.0
41.0
24.0
14.0
30.0
10.0
25.0
32.0
12.0
39.0
25.0
26.0
13.0
11.0
11.0
22.0
24.0
15.0
17.0
12.0
11.0
15.0
11.0
12.0
13.0
17.0
12.0
10.0
27.0
11.0
12.0
15.0
64.0
12.0
12.0
30.0
19.0
11.0
16.0
38.0
9.0
9.0
16.0
15.0
21.0
34.0
13.0
18.0
25.0
13.0
12.0
23.0
22.0
11.0
16.0
23.0
11.0
20.0
20.0
23.0
27.0
21.0
21.0
13.0
16.0
18.0
12.0
12.0
10.0
14.0
15.0
21.0
16.0
11.0
15.0
14.0
15.0
14.0
21.0
21.0
17.0
14.0
14.0
11.0
12.0
13.0
9.0
21.0
15.0
15.0
17.0
24.0
13.0
12.0
14.0
19.0
33.0
16.0
18.0
10.0
19.0
11.0
16.0
20.0
15.0
13.0
20.0
14.0
35.0
23.0
25.0
14.0
22.0
46.0
17.0
39.0
23.0
11.0
27.0
13.0
15.0
18.0
16.0
40.0
15.0
12.0
16.0
13.0
18.0
23.0
16.0
10.0
10.0
13.0
21.0
17.0
11.0
13.0
17.0
12.0
16.0
25.0
24.0
25.0
19.0
12.0
19.0
20.0
23.0
15.0
18.0
57.0
13.0
17.0
25.0
17.0
23.0
21.0
15.0
15.0
32.0
18.0
16.0
19.0
39.0
16.0
22.0
19.0
28.0
11.0
21.0
16.0
19.0
16.0
24.0
24.0
25.0
18.0
32.0
18.0
24.0
23.0
14.0
39.0
27.0
22.0
16.0
24.0
25.0
14.0
34.0
13.0
34.0
17.0
14.0
9.0
21.0
12.0
12.0
18.0
9.0
23.0
40.0
23.0
16.0
26.0
21.0
25.0
30.0
17.0
24.0
19.0
25.0
15.0
14.0
39.0
19.0
31.0
17.0
26.0
28.0
24.0
27.0
30.0
21.0
13.0
25.0
17.0
25.0
24.0
29.0
30.0
34.0
26.0
20.0
24.0
24.0
39.0
30.0
23.0
15.0
26.0
15.0
15.0
23.0
22.0
21.0
114.0
20.0
29.0
49.0
16.0
27.0
23.0
22.0
39.0
23.0
28.0
27.0
28.0
30.0
23.0
50.0
19.0
42.0
45.0
25.0
26.0
19.0
22.0
24.0
27.0
26.0
29.0
22.0
33.0
18.0
23.0
27.0
31.0
34.0
26.0
24.0
38.0
41.0
29.0
22.0
26.0
68.0
15.0
32.0
44.0
35.0
36.0
37.0
31.0
45.0
27.0
35.0
28.0
33.0
21.0
19.0
45.0
36.0
26.0
27.0
27.0
28.0
39.0
44.0
34.0
42.0
23.0
58.0
31.0
63.0
30.0
43.0
32.0
30.0
42.0
48.0
40.0
42.0
32.0
76.0
36.0
41.0
38.0
51.0
26.0
49.0
64.0
73.0
100.0
82.0
38.0
32.0
72.0
117.0
70.0
94.0
52.0
52.0
48.0
62.0
165.0
46.0
44.0
85.0
37.0
80.0
62.0
56.0
85.0
41.0
75.0
58.0
140.0
78.0
81.0
98.0
85.0
140.0
122.0
58.0
143.0
128.0
90.0
101.0
75.0
57.0
56.0
68.0
53.0
65.0
79.0
84.0
98.0
92.0
73.0
139.0
124.0
79.0
84.0
161.0
112.0
69.0
89.0
200.0
96.0
69.0
110.0
110.0
125.0
97.0
123.0
117.0
158.0
125.0
81.0
92.0
115.0
102.0
74.0
110.0
94.0
95.0
99.0
88.0
85.0
81.0
73.0
109.0
111.0
99.0
93.0
101.0
108.0
93.0
129.0
145.0
99.0
83.0
91.0
89.0
100.0
86.0
106.0
100.0
81.0
86.0
85.0
79.0
92.0
102.0
113.0
105.0
109.0
108.0
81.0
114.0
96.0
94.0
102.0
101.0
98.0
98.0
107.0
103.0
95.0
95.0
98.0
121.0
119.0
106.0
111.0
113.0
100.0
109.0
103.0
103.0
102.0
105.0
104.0
91.0
95.0
96.0
101.0
91.0
104.0
95.0
95.0
92.0
110.0
99.0
101.0
84.0
102.0
113.0
110.0
97.0
107.0
101.0
95.0
107.0
100.0
105.0
102.0
89.0
96.0
105.0
119.0
122.0
93.0
96.0
94.0
121.0
111.0
115.0
95.0
114.0
119.0
105.0
95.0
105.0
119.0
107.0
121.0
113.0
106.0
115.0
109.0
107.0
106.0
125.0
105.0
105.0
111.0
125.0
102.0
105.0
106.0
106.0
106.0
107.0
95.0
126.0
98.0
128.0
110.0
104.0
107.0
110.0
110.0
114.0
108.0
119.0
109.0
101.0
110.0
116.0
120.0
140.0
102.0
104.0
134.0
124.0
108.0
124.0
136.0
96.0
98.0
114.0
125.0
114.0
150.0
144.0
116.0
142.0
103.0
137.0
127.0
144.0
148.0
130.0
153.0
115.0
140.0
129.0
161.0
145.0
143.0
140.0
118.0
186.0
176.0
200.0
180.0
143.0
165.0
135.0
131.0
139.0
157.0
157.0
131.0
120.0
183.0
142.0
155.0
179.0
129.0
165.0
162.0
172.0
173.0
133.0
182.0
155.0
195.0
165.0
165.0
200.0
200.0
200.0
200.0
200.0
200.0
200.0
196.0
198.0
171.0
180.0
200.0
133.0
156.0
200.0
158.0
200.0
143.0
200.0
153.0
120.0
200.0
200.0
200.0
143.0
200.0
189.0
200.0
135.0
184.0
200.0
200.0
200.0
153.0
131.0
200.0
200.0
137.0
200.0
200.0
198.0
200.0
140.0
200.0
200.0
168.0
200.0
200.0
144.0
200.0
200.0
136.0
200.0
200.0
200.0
200.0
200.0
200.0
200.0
183.0
200.0
175.0
200.0
200.0
200.0
142.0
200.0
200.0
200.0
200.0
200.0
175.0
200.0
200.0
200.0
200.0
200.0
166.0
200.0
200.0
200.0
200.0
200.0
200.0
200.0
200.0
200.0
200.0
200.0
136.0
200.0
200.0
200.0
200.0
148.0
172.0
200.0
177.0
138.0
141.0
144.0
200.0
134.0
142.0
178.0
148.0
195.0
200.0
200.0
189.0
161.0
174.0
123.0
141.0
185.0
194.0
120.0
184.0
140.0
185.0
161.0
170.0
132.0
178.0
153.0
175.0
176.0
170.0
181.0
192.0
165.0
163.0
200.0
183.0
200.0
131.0
188.0
188.0
130.0
200.0
200.0
172.0
180.0
167.0
200.0
200.0
144.0
200.0
146.0
155.0
156.0
200.0
156.0
165.0
200.0
161.0
172.0
200.0
200.0
200.0
150.0
154.0
154.0
200.0
142.0
141.0
117.0
122.0
171.0
147.0
139.0
146.0
172.0
147.0
200.0
185.0
183.0
141.0
121.0
151.0
200.0
155.0
142.0
200.0
176.0
140.0
169.0
175.0
136.0
167.0
200.0
180.0
200.0
200.0
200.0
158.0
137.0
155.0
200.0
178.0
172.0
200.0
200.0
200.0
165.0
200.0
200.0
200.0
200.0
200.0
200.0
200.0
200.0
200.0
200.0
200.0
200.0
200.0
200.0
200.0
200.0
200.0
200.0
200.0
200.0
200.0
200.0
200.0
200.0
200.0
200.0
200.0
200.0
200.0
200.0
200.0
200.0
200.0
200.0
200.0
200.0
200.0
200.0
200.0
200.0
200.0
200.0
200.0
200.0
200.0
200.0
200.0
200.0
200.0
200.0
200.0
200.0
200.0
200.0
200.0
200.0
200.0
200.0
200.0
200.0
200.0
200.0
200.0
200.0
200.0
200.0
200.0
200.0
200.0
200.0
200.0
200.0
200.0
200.0
200.0
200.0
200.0
200.0
200.0
200.0
200.0
200.0
200.0
200.0
200.0
200.0
200.0
200.0
200.0
200.0
200.0
200.0
200.0
200.0
200.0
200.0
200.0
200.0
200.0
200.0
200.0
200.0
200.0
200.0
200.0
200.0
200.0
200.0
200.0
200.0
200.0
200.0
200.0
200.0
200.0
200.0
200.0
200.0
200.0
200.0
200.0
200.0
200.0
200.0
200.0
200.0
200.0
200.0
200.0
200.0
200.0
200.0
200.0
200.0
200.0
200.0
200.0
200.0
200.0
200.0
200.0
200.0
200.0
200.0
200.0
200.0
200.0
200.0
200.0
200.0
200.0
200.0
200.0
200.0
200.0
200.0
200.0
200.0
200.0
200.0
200.0
200.0
200.0
200.0
200.0
200.0
200.0
200.0
200.0
200.0
200.0
200.0
200.0
200.0
200.0
200.0
200.0
200.0
200.0
200.0
200.0
200.0
200.0
200.0
200.0
200.0
200.0
200.0
200.0
200.0
200.0
200.0
200.0
200.0
200.0
200.0
200.0
200.0
200.0
200.0
200.0
200.0
200.0
200.0
200.0
200.0
200.0
200.0
200.0
200.0
200.0
200.0
200.0
200.0
200.0
200.0
200.0
200.0
200.0
200.0
200.0
200.0
200.0
200.0
200.0
200.0
200.0
200.0
200.0
200.0
200.0
200.0
200.0
200.0
200.0
200.0
200.0
200.0
200.0
200.0
200.0
200.0
200.0
200.0
200.0
200.0
200.0
200.0
200.0
200.0
200.0
200.0
200.0
200.0
200.0
200.0
200.0
200.0
200.0
200.0
200.0
200.0
200.0
200.0
200.0
200.0
200.0
200.0
200.0
200.0
200.0
200.0
200.0
200.0
200.0
200.0
200.0
200.0
200.0
200.0
200.0
200.0
200.0
200.0
200.0
200.0
200.0
200.0
200.0
200.0
200.0
200.0
200.0
200.0
200.0
200.0
200.0
200.0
200.0
200.0
200.0
200.0
200.0
200.0
200.0
200.0
200.0
200.0
200.0
200.0
200.0
200.0
200.0
200.0
200.0
200.0
200.0
200.0
200.0
200.0
200.0
200.0
200.0
200.0
200.0
200.0
200.0
200.0
200.0
200.0
200.0
200.0
200.0
200.0
200.0
200.0
200.0
200.0
200.0
200.0
200.0
200.0
200.0
200.0
200.0
200.0
200.0
200.0
200.0
200.0
200.0
200.0
200.0
200.0
200.0
200.0
200.0
200.0
200.0
200.0
200.0
200.0
200.0
200.0
200.0
200.0
200.0
200.0
200.0
200.0
200.0
200.0
200.0
200.0
200.0
200.0
200.0
200.0
200.0
200.0
200.0
200.0
200.0
200.0
200.0
200.0
200.0
200.0
200.0
200.0
200.0
200.0
200.0
200.0
200.0
200.0
200.0
200.0
200.0
200.0
200.0
200.0
200.0
200.0
200.0
200.0
200.0
200.0
200.0
200.0
200.0
200.0
200.0
200.0
200.0
200.0
200.0
200.0
200.0
200.0
200.0
200.0
200.0
200.0
200.0
200.0
200.0
200.0
200.0
200.0
200.0
200.0
200.0
200.0
200.0
200.0
200.0
200.0
200.0
200.0
200.0
200.0
200.0
200.0
200.0
200.0
200.0
200.0
200.0
200.0
200.0
200.0
200.0
200.0
200.0
200.0
200.0
200.0
200.0
200.0
200.0
200.0
200.0
200.0
200.0
200.0
200.0
200.0
200.0
200.0
200.0
200.0
200.0
200.0
200.0
200.0
200.0
200.0
200.0
200.0
200.0
200.0
200.0
200.0
200.0
200.0
200.0
200.0
200.0
200.0
200.0
200.0
200.0
200.0
200.0
200.0
200.0
200.0
200.0
200.0
200.0
200.0
200.0
200.0
200.0
200.0
200.0
200.0
200.0
200.0
200.0
200.0
200.0
200.0
200.0
200.0
200.0
200.0
200.0
200.0
200.0
200.0
200.0
200.0
200.0
200.0
200.0
200.0
200.0
200.0
200.0
200.0
200.0
200.0
200.0
200.0
200.0
200.0
200.0
200.0
200.0
200.0
200.0
200.0
200.0
200.0
200.0
200.0
200.0
200.0
200.0
200.0
200.0
200.0
200.0
200.0
200.0
200.0
200.0
200.0
200.0
200.0
200.0
200.0
200.0
200.0
200.0
200.0
200.0
200.0
200.0
200.0
200.0
200.0
200.0
200.0
200.0
200.0
200.0
200.0
200.0
200.0
200.0
200.0
200.0
200.0
200.0
200.0
200.0
200.0
200.0
200.0
200.0
200.0
200.0
200.0
200.0
200.0
200.0
200.0
200.0
200.0
200.0
200.0
200.0
200.0
200.0
200.0
200.0
200.0
200.0
200.0
200.0
200.0
200.0
200.0
200.0
200.0
200.0
200.0
200.0
200.0
200.0
200.0
200.0
200.0
200.0
200.0
200.0
200.0
200.0
200.0
200.0
200.0
200.0
200.0
200.0
200.0
200.0
200.0
200.0
200.0
200.0
200.0
200.0
200.0
200.0
200.0
200.0
200.0
200.0
200.0
200.0
200.0
200.0
200.0
200.0
200.0
200.0
200.0
200.0
200.0
200.0
200.0
200.0
200.0
200.0
200.0
200.0
200.0
200.0
200.0
200.0
200.0
200.0
200.0
200.0
200.0
200.0
200.0
200.0
200.0
200.0
200.0
200.0
200.0
200.0
200.0
200.0
200.0
200.0
200.0
200.0
200.0
200.0
200.0
200.0
200.0
200.0
200.0
200.0
200.0
200.0
200.0
200.0
200.0
200.0
200.0
200.0
200.0
200.0
200.0
200.0
200.0
200.0
200.0
200.0
200.0
200.0
200.0
200.0
200.0
200.0
200.0
200.0
200.0
200.0
200.0
200.0
200.0
200.0
200.0
200.0
200.0
200.0
200.0
200.0
200.0
200.0
200.0
200.0
200.0
200.0
200.0
200.0
200.0
200.0
200.0
200.0
200.0
200.0
200.0
200.0
200.0
200.0
200.0
200.0
200.0
200.0
200.0
200.0
200.0
200.0
200.0
200.0
200.0
200.0
200.0
200.0
200.0
200.0
200.0
200.0
200.0
200.0
200.0
200.0
200.0
200.0
200.0
200.0
200.0
200.0
200.0
200.0
200.0
200.0
200.0
200.0
200.0
200.0
200.0
200.0
200.0
200.0
200.0
200.0
200.0
200.0
200.0
200.0
200.0
200.0
200.0
200.0
200.0
200.0
200.0
200.0
200.0
200.0
200.0
200.0
200.0
200.0
200.0
200.0
200.0
200.0
200.0
200.0
200.0
200.0
200.0
200.0
200.0
200.0
200.0
200.0
200.0
200.0
200.0
200.0
200.0
200.0
200.0
200.0
200.0
200.0
200.0
200.0
200.0
200.0
200.0
200.0
200.0
200.0
200.0
200.0
200.0
200.0
200.0
200.0
200.0
200.0
200.0
200.0
200.0
200.0
200.0
200.0
200.0
200.0
200.0
200.0
200.0
200.0
200.0
200.0
200.0
200.0
200.0
200.0
200.0
200.0
200.0
200.0
200.0
200.0
200.0
200.0
200.0
200.0
200.0
200.0
200.0
200.0
200.0
200.0
200.0
200.0
200.0
200.0
200.0
200.0
200.0
200.0
200.0
200.0
200.0
200.0
200.0
200.0
200.0
200.0
200.0
200.0
200.0
200.0
200.0
200.0
200.0
200.0
200.0
200.0
200.0
200.0
200.0
200.0
200.0
200.0
200.0
200.0
200.0
200.0
200.0
200.0
200.0
200.0
200.0
200.0
200.0
200.0
200.0
200.0
200.0
200.0
200.0
200.0
200.0
200.0
200.0
200.0
200.0
200.0
200.0
200.0
200.0
200.0
200.0
200.0
200.0
200.0
200.0
200.0
200.0
200.0
200.0
200.0
200.0
200.0
200.0
200.0
200.0
200.0
200.0
200.0
200.0
200.0
200.0
200.0
200.0
200.0
200.0
200.0
200.0
200.0
200.0
200.0
200.0
200.0
200.0
200.0
200.0
200.0
200.0
200.0
200.0
200.0
200.0
200.0
200.0
200.0
200.0
200.0
200.0
200.0
200.0
200.0
200.0
200.0
200.0
200.0
200.0
200.0
200.0
200.0
200.0
200.0
200.0
200.0
200.0
200.0
200.0
200.0
200.0
200.0
200.0
200.0
200.0
200.0
200.0
200.0
200.0
200.0
200.0
200.0
200.0
200.0
200.0
200.0
200.0
200.0
200.0
200.0
200.0
200.0
200.0
200.0
200.0
200.0
200.0
200.0
200.0
200.0
200.0
200.0
200.0
200.0
200.0
200.0
200.0
200.0
200.0
200.0
200.0
200.0
200.0
200.0
200.0
200.0
200.0
200.0
200.0
200.0
200.0
200.0
200.0
200.0
200.0
200.0
200.0
200.0
200.0
200.0
200.0
200.0
200.0
200.0
200.0
200.0
200.0
200.0
200.0
200.0
200.0
200.0
200.0
200.0
200.0
200.0
200.0
200.0
200.0
200.0
200.0
200.0
200.0
200.0
200.0
200.0
200.0
200.0
200.0
200.0
200.0
200.0
200.0
200.0
200.0
200.0
200.0
200.0
200.0
200.0
200.0
200.0
200.0
200.0
200.0
200.0
200.0
200.0
200.0
200.0
200.0
200.0
200.0
200.0
200.0
200.0
200.0
200.0
200.0
200.0
200.0
200.0
