9.0
19.0
21.0
70.0
48.0
28.0
25.0
34.0
36.0
11.0
16.0
20.0
35.0
26.0
11.0
29.0
16.0
16.0
61.0
17.0
13.0
14.0
15.0
63.0
26.0
20.0
16.0
25.0
19.0
25.0
32.0
15.0
34.0
18.0
19.0
33.0
17.0
31.0
49.0
40.0
17.0
31.0
19.0
23.0
17.0
42.0
14.0
28.0
28.0
19.0
40.0
21.0
13.0
16.0
13.0
9.0
11.0
12.0
13.0
15.0
21.0
28.0
15.0
19.0
8.0
20.0
11.0
12.0
16.0
20.0
14.0
17.0
12.0
15.0
28.0
13.0
27.0
26.0
25.0
9.0
18.0
11.0
12.0
11.0
17.0
10.0
9.0
17.0
13.0
13.0
14.0
10.0
12.0
16.0
12.0
42.0
9.0
18.0
12.0
13.0
23.0
14.0
12.0
23.0
26.0
23.0
15.0
13.0
19.0
39.0
9.0
18.0
18.0
15.0
10.0
20.0
30.0
17.0
9.0
12.0
12.0
20.0
14.0
22.0
32.0
22.0
16.0
11.0
10.0
15.0
11.0
18.0
12.0
16.0
10.0
12.0
19.0
12.0
24.0
11.0
22.0
10.0
17.0
17.0
18.0
12.0
12.0
14.0
14.0
27.0
26.0
9.0
17.0
10.0
12.0
13.0
11.0
13.0
9.0
11.0
11.0
17.0
14.0
46.0
39.0
21.0
30.0
22.0
10.0
31.0
49.0
12.0
9.0
14.0
13.0
34.0
10.0
24.0
55.0
18.0
21.0
27.0
20.0
13.0
31.0
10.0
31.0
25.0
39.0
14.0
18.0
37.0
15.0
13.0
16.0
29.0
14.0
49.0
25.0
20.0
39.0
38.0
25.0
58.0
34.0
19.0
27.0
24.0
17.0
13.0
13.0
18.0
41.0
24.0
21.0
20.0
23.0
17.0
9.0
17.0
29.0
58.0
21.0
16.0
23.0
21.0
20.0
16.0
23.0
39.0
61.0
51.0
17.0
17.0
11.0
14.0
13.0
14.0
30.0
41.0
47.0
36.0
36.0
81.0
24.0
19.0
25.0
21.0
31.0
32.0
23.0
32.0
16.0
29.0
30.0
79.0
15.0
15.0
17.0
71.0
31.0
29.0
43.0
31.0
99.0
62.0
20.0
78.0
43.0
44.0
37.0
25.0
38.0
44.0
44.0
28.0
32.0
86.0
26.0
49.0
48.0
29.0
41.0
33.0
31.0
41.0
84.0
60.0
35.0
36.0
90.0
62.0
53.0
33.0
85.0
41.0
67.0
55.0
54.0
41.0
41.0
38.0
31.0
52.0
83.0
52.0
47.0
53.0
63.0
44.0
83.0
78.0
64.0
70.0
129.0
78.0
110.0
64.0
92.0
78.0
25.0
47.0
72.0
69.0
85.0
39.0
61.0
132.0
96.0
111.0
50.0
40.0
63.0
200.0
69.0
65.0
91.0
200.0
86.0
52.0
62.0
44.0
138.0
80.0
48.0
61.0
87.0
82.0
79.0
182.0
119.0
106.0
117.0
64.0
66.0
150.0
113.0
111.0
200.0
170.0
109.0
106.0
95.0
200.0
139.0
194.0
161.0
144.0
150.0
69.0
199.0
134.0
88.0
94.0
200.0
89.0
64.0
154.0
111.0
176.0
125.0
104.0
73.0
83.0
116.0
86.0
110.0
198.0
139.0
195.0
200.0
200.0
169.0
200.0
200.0
200.0
200.0
105.0
172.0
200.0
200.0
200.0
176.0
123.0
130.0
164.0
197.0
125.0
121.0
144.0
160.0
200.0
200.0
172.0
200.0
200.0
200.0
189.0
200.0
177.0
180.0
187.0
194.0
163.0
200.0
197.0
168.0
168.0
200.0
156.0
161.0
177.0
200.0
200.0
200.0
200.0
200.0
200.0
200.0
200.0
200.0
200.0
200.0
195.0
200.0
196.0
199.0
200.0
200.0
200.0
200.0
200.0
200.0
179.0
200.0
200.0
200.0
174.0
200.0
200.0
189.0
200.0
157.0
175.0
185.0
200.0
191.0
200.0
163.0
165.0
196.0
163.0
187.0
200.0
200.0
200.0
200.0
200.0
200.0
200.0
177.0
200.0
188.0
200.0
200.0
197.0
200.0
181.0
200.0
200.0
195.0
200.0
191.0
200.0
200.0
191.0
200.0
175.0
200.0
200.0
200.0
200.0
200.0
200.0
200.0
197.0
200.0
200.0
200.0
200.0
200.0
200.0
200.0
200.0
200.0
191.0
200.0
198.0
200.0
200.0
200.0
200.0
200.0
200.0
200.0
200.0
200.0
200.0
200.0
200.0
200.0
200.0
200.0
200.0
200.0
168.0
169.0
196.0
200.0
200.0
200.0
200.0
200.0
200.0
169.0
200.0
200.0
169.0
159.0
157.0
193.0
174.0
200.0
162.0
200.0
149.0
153.0
150.0
156.0
150.0
200.0
200.0
200.0
200.0
172.0
191.0
191.0
164.0
178.0
167.0
174.0
157.0
140.0
148.0
193.0
200.0
177.0
151.0
161.0
200.0
151.0
168.0
149.0
170.0
177.0
157.0
162.0
200.0
159.0
173.0
154.0
161.0
171.0
178.0
182.0
200.0
171.0
149.0
141.0
140.0
200.0
139.0
156.0
200.0
200.0
193.0
196.0
200.0
193.0
200.0
200.0
200.0
200.0
200.0
200.0
174.0
200.0
163.0
200.0
179.0
177.0
171.0
184.0
149.0
200.0
176.0
147.0
200.0
181.0
200.0
200.0
194.0
197.0
161.0
200.0
196.0
166.0
200.0
200.0
198.0
200.0
200.0
200.0
200.0
184.0
164.0
168.0
173.0
200.0
166.0
197.0
162.0
200.0
153.0
200.0
177.0
200.0
148.0
200.0
199.0
200.0
164.0
147.0
144.0
173.0
172.0
140.0
185.0
200.0
200.0
200.0
200.0
160.0
200.0
200.0
200.0
188.0
200.0
200.0
154.0
180.0
200.0
163.0
200.0
200.0
199.0
200.0
200.0
184.0
160.0
200.0
195.0
200.0
200.0
200.0
200.0
165.0
200.0
200.0
200.0
168.0
174.0
187.0
200.0
151.0
174.0
176.0
200.0
200.0
200.0
153.0
200.0
184.0
200.0
200.0
200.0
200.0
200.0
200.0
198.0
159.0
141.0
150.0
135.0
200.0
198.0
200.0
157.0
143.0
149.0
177.0
142.0
170.0
152.0
159.0
142.0
161.0
148.0
184.0
141.0
150.0
169.0
147.0
145.0
175.0
159.0
139.0
200.0
200.0
200.0
150.0
163.0
150.0
165.0
141.0
174.0
167.0
200.0
200.0
200.0
200.0
155.0
155.0
158.0
143.0
131.0
150.0
143.0
148.0
138.0
139.0
156.0
139.0
160.0
154.0
155.0
200.0
200.0
176.0
142.0
149.0
162.0
152.0
157.0
191.0
182.0
154.0
180.0
170.0
142.0
200.0
183.0
200.0
176.0
147.0
150.0
159.0
179.0
165.0
181.0
143.0
156.0
144.0
173.0
137.0
150.0
149.0
175.0
159.0
165.0
148.0
152.0
138.0
163.0
141.0
153.0
163.0
138.0
139.0
177.0
174.0
200.0
175.0
200.0
188.0
200.0
200.0
200.0
190.0
131.0
200.0
157.0
170.0
168.0
152.0
200.0
182.0
165.0
156.0
161.0
168.0
200.0
200.0
168.0
194.0
195.0
200.0
200.0
198.0
200.0
200.0
200.0
200.0
200.0
200.0
200.0
200.0
200.0
200.0
200.0
200.0
200.0
200.0
200.0
200.0
200.0
200.0
200.0
200.0
200.0
200.0
200.0
200.0
200.0
200.0
200.0
200.0
200.0
200.0
200.0
200.0
200.0
200.0
200.0
200.0
200.0
200.0
200.0
200.0
200.0
200.0
200.0
200.0
200.0
200.0
200.0
77.0
200.0
200.0
200.0
200.0
200.0
200.0
200.0
200.0
200.0
200.0
200.0
200.0
200.0
200.0
200.0
200.0
200.0
200.0
200.0
200.0
200.0
200.0
200.0
200.0
200.0
200.0
200.0
200.0
200.0
200.0
200.0
200.0
200.0
200.0
200.0
200.0
200.0
200.0
200.0
200.0
200.0
200.0
200.0
200.0
200.0
200.0
200.0
200.0
200.0
200.0
200.0
200.0
200.0
200.0
200.0
200.0
200.0
200.0
200.0
200.0
200.0
200.0
200.0
200.0
200.0
200.0
200.0
200.0
200.0
200.0
200.0
200.0
200.0
200.0
200.0
200.0
200.0
200.0
200.0
200.0
200.0
200.0
200.0
200.0
200.0
200.0
200.0
200.0
200.0
200.0
200.0
200.0
200.0
200.0
200.0
200.0
200.0
200.0
200.0
200.0
200.0
200.0
200.0
200.0
200.0
200.0
200.0
200.0
200.0
200.0
200.0
200.0
200.0
200.0
200.0
200.0
200.0
200.0
200.0
200.0
200.0
200.0
200.0
200.0
200.0
200.0
200.0
200.0
200.0
200.0
200.0
200.0
200.0
200.0
200.0
200.0
200.0
200.0
200.0
200.0
200.0
200.0
200.0
200.0
200.0
200.0
200.0
200.0
200.0
200.0
200.0
200.0
200.0
200.0
200.0
200.0
200.0
200.0
200.0
200.0
200.0
200.0
200.0
200.0
200.0
200.0
200.0
200.0
200.0
200.0
200.0
200.0
200.0
200.0
200.0
200.0
200.0
200.0
200.0
200.0
200.0
200.0
200.0
200.0
200.0
200.0
200.0
200.0
200.0
200.0
200.0
200.0
200.0
200.0
200.0
200.0
200.0
200.0
200.0
200.0
200.0
200.0
200.0
200.0
200.0
200.0
200.0
200.0
200.0
200.0
200.0
200.0
200.0
200.0
200.0
200.0
200.0
200.0
200.0
200.0
200.0
200.0
200.0
200.0
200.0
200.0
200.0
200.0
200.0
200.0
200.0
200.0
200.0
200.0
200.0
200.0
200.0
200.0
200.0
200.0
200.0
200.0
200.0
200.0
200.0
200.0
200.0
200.0
200.0
200.0
200.0
200.0
200.0
200.0
200.0
200.0
200.0
200.0
200.0
200.0
200.0
200.0
200.0
200.0
200.0
200.0
200.0
200.0
200.0
200.0
200.0
200.0
200.0
200.0
200.0
200.0
200.0
200.0
200.0
200.0
200.0
200.0
200.0
200.0
200.0
200.0
200.0
200.0
200.0
200.0
200.0
200.0
200.0
200.0
200.0
200.0
200.0
200.0
200.0
200.0
200.0
200.0
200.0
200.0
200.0
200.0
200.0
200.0
200.0
200.0
200.0
200.0
200.0
200.0
200.0
200.0
200.0
200.0
200.0
200.0
200.0
200.0
200.0
200.0
200.0
200.0
200.0
200.0
200.0
200.0
200.0
200.0
200.0
200.0
200.0
200.0
200.0
200.0
200.0
200.0
200.0
200.0
200.0
200.0
200.0
200.0
200.0
200.0
200.0
200.0
200.0
200.0
200.0
200.0
200.0
200.0
200.0
200.0
200.0
200.0
200.0
200.0
200.0
200.0
200.0
200.0
200.0
200.0
200.0
200.0
200.0
200.0
200.0
200.0
200.0
200.0
200.0
200.0
200.0
200.0
200.0
200.0
200.0
200.0
200.0
200.0
200.0
200.0
200.0
200.0
200.0
200.0
200.0
200.0
200.0
200.0
200.0
200.0
200.0
200.0
200.0
200.0
200.0
200.0
200.0
200.0
200.0
200.0
200.0
200.0
200.0
200.0
200.0
200.0
200.0
200.0
200.0
200.0
200.0
200.0
200.0
200.0
200.0
200.0
200.0
200.0
200.0
200.0
200.0
200.0
200.0
200.0
200.0
200.0
200.0
200.0
200.0
200.0
200.0
200.0
200.0
200.0
200.0
200.0
200.0
200.0
200.0
200.0
200.0
200.0
200.0
200.0
200.0
200.0
200.0
200.0
200.0
200.0
200.0
200.0
200.0
200.0
200.0
200.0
200.0
200.0
200.0
200.0
200.0
200.0
200.0
200.0
200.0
200.0
200.0
200.0
200.0
200.0
200.0
200.0
200.0
200.0
200.0
200.0
200.0
200.0
200.0
200.0
200.0
200.0
200.0
200.0
200.0
200.0
200.0
200.0
200.0
200.0
200.0
200.0
200.0
200.0
200.0
200.0
200.0
200.0
200.0
200.0
200.0
200.0
200.0
200.0
200.0
200.0
200.0
200.0
200.0
200.0
200.0
200.0
200.0
200.0
200.0
200.0
200.0
200.0
200.0
200.0
200.0
200.0
200.0
200.0
200.0
200.0
200.0
200.0
200.0
200.0
200.0
200.0
200.0
200.0
200.0
200.0
200.0
200.0
200.0
200.0
200.0
200.0
200.0
200.0
200.0
200.0
200.0
200.0
200.0
200.0
200.0
200.0
200.0
200.0
200.0
200.0
200.0
200.0
200.0
200.0
200.0
200.0
200.0
200.0
200.0
200.0
200.0
200.0
200.0
200.0
200.0
200.0
200.0
200.0
200.0
200.0
200.0
200.0
200.0
200.0
200.0
200.0
200.0
200.0
200.0
200.0
200.0
200.0
200.0
200.0
200.0
200.0
200.0
200.0
200.0
200.0
200.0
200.0
200.0
200.0
200.0
200.0
200.0
200.0
200.0
200.0
200.0
200.0
200.0
200.0
200.0
200.0
200.0
200.0
200.0
200.0
200.0
200.0
200.0
200.0
200.0
200.0
200.0
200.0
200.0
200.0
200.0
200.0
200.0
200.0
200.0
200.0
200.0
200.0
200.0
200.0
200.0
200.0
200.0
200.0
200.0
200.0
200.0
200.0
200.0
200.0
200.0
200.0
200.0
200.0
200.0
200.0
200.0
200.0
200.0
200.0
200.0
200.0
200.0
200.0
200.0
200.0
200.0
200.0
200.0
200.0
200.0
200.0
200.0
200.0
200.0
200.0
200.0
200.0
200.0
200.0
200.0
200.0
200.0
200.0
200.0
200.0
200.0
200.0
200.0
200.0
200.0
200.0
200.0
200.0
200.0
200.0
200.0
200.0
200.0
200.0
200.0
200.0
200.0
200.0
200.0
200.0
200.0
200.0
200.0
200.0
200.0
200.0
200.0
200.0
200.0
200.0
200.0
200.0
200.0
200.0
200.0
200.0
200.0
200.0
200.0
200.0
200.0
200.0
200.0
200.0
200.0
200.0
200.0
200.0
200.0
200.0
200.0
200.0
200.0
200.0
200.0
200.0
200.0
200.0
200.0
200.0
200.0
200.0
200.0
200.0
200.0
200.0
200.0
200.0
200.0
200.0
200.0
200.0
200.0
200.0
200.0
200.0
200.0
200.0
200.0
200.0
200.0
200.0
200.0
200.0
200.0
200.0
200.0
200.0
200.0
200.0
200.0
200.0
200.0
200.0
200.0
200.0
200.0
200.0
200.0
200.0
200.0
200.0
200.0
200.0
200.0
200.0
200.0
200.0
200.0
200.0
200.0
200.0
200.0
200.0
200.0
200.0
200.0
200.0
200.0
200.0
200.0
200.0
200.0
200.0
200.0
200.0
200.0
200.0
200.0
200.0
200.0
200.0
200.0
200.0
200.0
200.0
200.0
200.0
200.0
200.0
200.0
200.0
200.0
200.0
200.0
200.0
200.0
200.0
200.0
200.0
200.0
200.0
200.0
200.0
200.0
200.0
200.0
200.0
200.0
200.0
200.0
200.0
200.0
200.0
200.0
200.0
200.0
200.0
200.0
200.0
200.0
200.0
200.0
200.0
200.0
200.0
200.0
200.0
200.0
200.0
200.0
200.0
200.0
200.0
200.0
200.0
200.0
200.0
200.0
200.0
200.0
200.0
200.0
200.0
200.0
200.0
200.0
200.0
200.0
200.0
200.0
200.0
200.0
200.0
200.0
200.0
200.0
200.0
200.0
200.0
200.0
200.0
200.0
200.0
200.0
200.0
200.0
200.0
200.0
200.0
200.0
200.0
200.0
200.0
200.0
200.0
200.0
200.0
200.0
200.0
200.0
200.0
200.0
200.0
200.0
200.0
200.0
200.0
200.0
200.0
200.0
200.0
200.0
200.0
200.0
200.0
200.0
200.0
200.0
200.0
200.0
200.0
200.0
200.0
200.0
200.0
200.0
200.0
200.0
200.0
200.0
200.0
200.0
200.0
200.0
200.0
200.0
200.0
200.0
200.0
200.0
200.0
200.0
200.0
200.0
200.0
200.0
200.0
200.0
200.0
200.0
200.0
200.0
200.0
200.0
200.0
200.0
200.0
200.0
200.0
200.0
200.0
200.0
200.0
200.0
200.0
200.0
200.0
200.0
200.0
200.0
200.0
200.0
200.0
200.0
200.0
200.0
200.0
200.0
200.0
200.0
200.0
200.0
200.0
200.0
200.0
200.0
200.0
200.0
200.0
200.0
200.0
200.0
200.0
200.0
200.0
200.0
200.0
200.0
200.0
200.0
200.0
200.0
200.0
200.0
200.0
200.0
200.0
200.0
200.0
200.0
200.0
200.0
200.0
200.0
200.0
200.0
200.0
200.0
200.0
200.0
200.0
200.0
200.0
200.0
200.0
200.0
200.0
200.0
200.0
200.0
200.0
200.0
200.0
200.0
200.0
200.0
200.0
200.0
200.0
200.0
200.0
200.0
200.0
200.0
200.0
200.0
200.0
200.0
200.0
200.0
200.0
200.0
200.0
200.0
200.0
200.0
200.0
200.0
200.0
200.0
200.0
200.0
200.0
200.0
200.0
200.0
200.0
200.0
200.0
200.0
200.0
200.0
200.0
200.0
200.0
200.0
200.0
200.0
200.0
200.0
200.0
200.0