24.0
50.0
9.0
19.0
18.0
32.0
13.0
16.0
19.0
19.0
30.0
28.0
12.0
19.0
14.0
30.0
10.0
19.0
51.0
60.0
8.0
57.0
21.0
25.0
12.0
36.0
19.0
16.0
18.0
43.0
15.0
11.0
11.0
14.0
36.0
15.0
14.0
12.0
14.0
12.0
14.0
43.0
18.0
38.0
13.0
16.0
37.0
16.0
13.0
16.0
14.0
16.0
20.0
20.0
23.0
22.0
26.0
34.0
10.0
13.0
13.0
35.0
11.0
20.0
9.0
18.0
18.0
18.0
17.0
11.0
22.0
14.0
14.0
12.0
12.0
17.0
13.0
20.0
19.0
19.0
47.0
33.0
15.0
47.0
17.0
22.0
15.0
77.0
25.0
20.0
14.0
20.0
13.0
10.0
11.0
22.0
19.0
11.0
17.0
16.0
16.0
16.0
19.0
13.0
32.0
13.0
25.0
14.0
13.0
37.0
23.0
18.0
18.0
13.0
14.0
72.0
17.0
22.0
11.0
54.0
25.0
32.0
19.0
12.0
11.0
14.0
27.0
13.0
12.0
13.0
12.0
58.0
15.0
11.0
14.0
21.0
12.0
11.0
14.0
14.0
29.0
11.0
22.0
23.0
11.0
25.0
23.0
13.0
20.0
14.0
19.0
22.0
13.0
26.0
20.0
13.0
37.0
14.0
27.0
13.0
17.0
18.0
34.0
23.0
14.0
121.0
14.0
24.0
23.0
16.0
13.0
16.0
14.0
36.0
13.0
11.0
11.0
11.0
19.0
16.0
13.0
23.0
10.0
12.0
22.0
10.0
13.0
23.0
15.0
18.0
24.0
19.0
38.0
25.0
31.0
54.0
16.0
18.0
17.0
17.0
27.0
19.0
16.0
13.0
32.0
27.0
24.0
14.0
41.0
14.0
64.0
15.0
22.0
23.0
12.0
20.0
31.0
16.0
27.0
16.0
24.0
10.0
30.0
25.0
23.0
23.0
28.0
18.0
16.0
18.0
27.0
16.0
15.0
35.0
18.0
9.0
41.0
28.0
36.0
41.0
39.0
32.0
48.0
46.0
35.0
46.0
15.0
42.0
60.0
32.0
70.0
21.0
35.0
31.0
22.0
20.0
26.0
36.0
23.0
24.0
37.0
24.0
37.0
39.0
29.0
19.0
38.0
48.0
49.0
60.0
58.0
30.0
45.0
58.0
30.0
34.0
38.0
65.0
59.0
29.0
50.0
37.0
43.0
29.0
68.0
30.0
31.0
154.0
89.0
88.0
101.0
89.0
67.0
48.0
90.0
59.0
51.0
43.0
101.0
52.0
97.0
48.0
55.0
47.0
109.0
71.0
131.0
51.0
42.0
50.0
65.0
136.0
56.0
130.0
92.0
124.0
59.0
129.0
200.0
102.0
99.0
92.0
165.0
200.0
149.0
165.0
170.0
173.0
200.0
151.0
120.0
200.0
151.0
200.0
165.0
200.0
133.0
200.0
200.0
200.0
200.0
136.0
200.0
148.0
174.0
174.0
139.0
144.0
139.0
133.0
178.0
134.0
125.0
138.0
147.0
170.0
152.0
192.0
125.0
158.0
170.0
148.0
140.0
141.0
152.0
183.0
160.0
194.0
186.0
180.0
174.0
134.0
159.0
144.0
155.0
169.0
145.0
139.0
147.0
142.0
156.0
150.0
158.0
131.0
153.0
137.0
137.0
163.0
153.0
141.0
146.0
161.0
171.0
146.0
145.0
162.0
147.0
154.0
152.0
175.0
187.0
150.0
144.0
160.0
170.0
139.0
156.0
159.0
156.0
158.0
200.0
148.0
160.0
184.0
173.0
174.0
176.0
200.0
200.0
181.0
200.0
197.0
155.0
174.0
162.0
179.0
200.0
164.0
171.0
142.0
154.0
178.0
200.0
154.0
172.0
200.0
169.0
181.0
162.0
200.0
196.0
175.0
200.0
200.0
200.0
189.0
200.0
170.0
200.0
200.0
200.0
200.0
194.0
200.0
199.0
200.0
196.0
200.0
200.0
200.0
200.0
200.0
200.0
200.0
200.0
200.0
200.0
190.0
200.0
200.0
200.0
200.0
200.0
192.0
200.0
200.0
200.0
200.0
200.0
200.0
200.0
200.0
200.0
200.0
160.0
197.0
179.0
184.0
171.0
200.0
176.0
174.0
200.0
200.0
200.0
200.0
200.0
200.0
200.0
200.0
200.0
200.0
183.0
170.0
184.0
193.0
200.0
190.0
187.0
190.0
155.0
155.0
176.0
175.0
151.0
189.0
158.0
150.0
162.0
160.0
152.0
147.0
146.0
141.0
135.0
140.0
137.0
133.0
137.0
131.0
131.0
140.0
134.0
149.0
150.0
147.0
137.0
129.0
149.0
147.0
137.0
120.0
130.0
137.0
155.0
127.0
131.0
135.0
146.0
144.0
145.0
134.0
134.0
135.0
125.0
125.0
153.0
122.0
147.0
121.0
139.0
147.0
137.0
135.0
147.0
138.0
126.0
123.0
141.0
136.0
130.0
138.0
147.0
132.0
132.0
128.0
153.0
135.0
155.0
140.0
136.0
153.0
165.0
135.0
154.0
139.0
153.0
153.0
137.0
142.0
150.0
149.0
156.0
183.0
142.0
176.0
131.0
151.0
144.0
140.0
141.0
181.0
177.0
169.0
190.0
151.0
170.0
169.0
200.0
169.0
157.0
189.0
178.0
167.0
144.0
139.0
149.0
145.0
150.0
160.0
158.0
153.0
157.0
161.0
148.0
166.0
200.0
196.0
160.0
149.0
158.0
170.0
178.0
159.0
191.0
155.0
169.0
165.0
165.0
164.0
154.0
149.0
143.0
161.0
140.0
166.0
164.0
162.0
152.0
169.0
160.0
147.0
146.0
163.0
172.0
138.0
155.0
156.0
135.0
151.0
133.0
162.0
155.0
192.0
158.0
166.0
189.0
169.0
140.0
177.0
148.0
155.0
162.0
160.0
156.0
165.0
142.0
146.0
175.0
200.0
158.0
200.0
174.0
182.0
188.0
183.0
153.0
187.0
181.0
180.0
164.0
145.0
161.0
155.0
175.0
177.0
166.0
163.0
164.0
175.0
173.0
155.0
176.0
157.0
165.0
164.0
200.0
165.0
171.0
162.0
186.0
179.0
179.0
175.0
176.0
199.0
186.0
176.0
186.0
188.0
200.0
152.0
147.0
173.0
160.0
147.0
169.0
156.0
162.0
185.0
197.0
158.0
200.0
165.0
159.0
133.0
153.0
141.0
163.0
149.0
159.0
156.0
155.0
160.0
157.0
150.0
142.0
154.0
169.0
180.0
172.0
168.0
191.0
193.0
177.0
200.0
190.0
174.0
185.0
171.0
200.0
194.0
195.0
200.0
200.0
200.0
200.0
200.0
200.0
200.0
200.0
200.0
200.0
200.0
200.0
200.0
200.0
200.0
200.0
200.0
200.0
200.0
200.0
200.0
200.0
200.0
200.0
200.0
200.0
200.0
200.0
200.0
200.0
200.0
200.0
200.0
200.0
200.0
200.0
200.0
200.0
200.0
200.0
200.0
200.0
200.0
200.0
200.0
200.0
200.0
200.0
200.0
200.0
200.0
200.0
200.0
200.0
200.0
200.0
200.0
200.0
200.0
200.0
200.0
200.0
200.0
200.0
200.0
200.0
200.0
200.0
200.0
200.0
200.0
200.0
200.0
200.0
200.0
200.0
200.0
200.0
200.0
200.0
200.0
200.0
200.0
200.0
197.0
200.0
200.0
200.0
200.0
200.0
200.0
200.0
200.0
200.0
200.0
200.0
200.0
200.0
200.0
200.0
16.0
200.0
200.0
200.0
200.0
200.0
200.0
200.0
200.0
200.0
200.0
200.0
200.0
200.0
200.0
200.0
200.0
200.0
200.0
200.0
200.0
200.0
200.0
200.0
200.0
200.0
200.0
200.0
200.0
200.0
200.0
200.0
200.0
200.0
200.0
200.0
200.0
200.0
200.0
200.0
200.0
200.0
200.0
200.0
200.0
200.0
200.0
200.0
200.0
200.0
200.0
200.0
200.0
200.0
200.0
200.0
200.0
200.0
200.0
200.0
200.0
200.0
200.0
200.0
200.0
200.0
200.0
200.0
200.0
200.0
200.0
200.0
200.0
200.0
200.0
200.0
200.0
200.0
200.0
200.0
200.0
200.0
200.0
200.0
200.0
200.0
200.0
200.0
200.0
200.0
200.0
200.0
200.0
200.0
200.0
200.0
200.0
200.0
200.0
200.0
200.0
200.0
200.0
200.0
200.0
200.0
200.0
200.0
200.0
200.0
200.0
200.0
200.0
200.0
200.0
200.0
200.0
200.0
200.0
200.0
200.0
200.0
200.0
200.0
200.0
200.0
200.0
200.0
200.0
200.0
200.0
200.0
200.0
200.0
200.0
200.0
200.0
200.0
200.0
200.0
200.0
200.0
200.0
200.0
200.0
200.0
200.0
200.0
200.0
200.0
200.0
200.0
200.0
200.0
200.0
200.0
200.0
200.0
200.0
200.0
200.0
200.0
200.0
200.0
200.0
200.0
200.0
200.0
200.0
200.0
200.0
200.0
200.0
200.0
200.0
200.0
200.0
200.0
200.0
200.0
200.0
200.0
200.0
200.0
200.0
200.0
200.0
200.0
200.0
200.0
200.0
200.0
200.0
200.0
200.0
200.0
200.0
200.0
200.0
200.0
200.0
200.0
200.0
200.0
200.0
200.0
200.0
200.0
200.0
200.0
200.0
200.0
200.0
200.0
200.0
200.0
200.0
200.0
200.0
200.0
200.0
200.0
200.0
200.0
200.0
200.0
200.0
200.0
200.0
200.0
200.0
200.0
200.0
200.0
200.0
200.0
200.0
200.0
200.0
200.0
200.0
200.0
200.0
200.0
200.0
200.0
200.0
200.0
200.0
200.0
200.0
200.0
200.0
200.0
200.0
200.0
200.0
200.0
200.0
200.0
200.0
200.0
200.0
200.0
200.0
200.0
200.0
200.0
200.0
200.0
200.0
200.0
200.0
200.0
200.0
200.0
200.0
200.0
200.0
200.0
200.0
200.0
200.0
200.0
200.0
200.0
200.0
200.0
200.0
200.0
200.0
200.0
200.0
200.0
200.0
200.0
200.0
200.0
200.0
200.0
200.0
200.0
200.0
200.0
200.0
200.0
200.0
200.0
200.0
200.0
200.0
200.0
200.0
200.0
200.0
200.0
200.0
200.0
200.0
200.0
200.0
200.0
200.0
200.0
200.0
200.0
200.0
200.0
200.0
200.0
200.0
200.0
200.0
200.0
200.0
200.0
200.0
200.0
200.0
200.0
200.0
200.0
200.0
200.0
200.0
200.0
200.0
200.0
200.0
200.0
200.0
200.0
200.0
200.0
200.0
200.0
200.0
200.0
200.0
200.0
200.0
200.0
200.0
200.0
200.0
200.0
200.0
200.0
200.0
200.0
200.0
200.0
200.0
200.0
200.0
200.0
200.0
200.0
200.0
200.0
200.0
200.0
200.0
200.0
200.0
200.0
200.0
200.0
200.0
200.0
200.0
200.0
200.0
200.0
200.0
200.0
200.0
200.0
200.0
200.0
200.0
200.0
200.0
200.0
200.0
200.0
200.0
200.0
200.0
200.0
200.0
200.0
200.0
200.0
200.0
200.0
200.0
200.0
200.0
200.0
200.0
200.0
200.0
200.0
200.0
200.0
200.0
200.0
200.0
200.0
200.0
200.0
200.0
200.0
200.0
200.0
200.0
200.0
200.0
200.0
200.0
200.0
200.0
200.0
200.0
200.0
200.0
200.0
200.0
200.0
200.0
200.0
200.0
200.0
200.0
200.0
200.0
200.0
200.0
200.0
200.0
200.0
200.0
200.0
200.0
200.0
200.0
200.0
200.0
200.0
200.0
200.0
200.0
200.0
200.0
200.0
200.0
200.0
200.0
200.0
200.0
200.0
200.0
200.0
200.0
200.0
200.0
200.0
200.0
200.0
200.0
200.0
200.0
200.0
200.0
200.0
200.0
200.0
200.0
200.0
200.0
200.0
200.0
200.0
200.0
200.0
200.0
200.0
200.0
200.0
200.0
200.0
200.0
200.0
200.0
200.0
200.0
200.0
200.0
200.0
200.0
200.0
200.0
200.0
200.0
200.0
200.0
200.0
200.0
200.0
200.0
200.0
200.0
200.0
200.0
200.0
200.0
200.0
200.0
200.0
200.0
200.0
200.0
200.0
200.0
200.0
200.0
200.0
200.0
200.0
200.0
200.0
200.0
200.0
200.0
200.0
200.0
200.0
200.0
200.0
200.0
200.0
200.0
200.0
200.0
200.0
200.0
200.0
200.0
200.0
200.0
200.0
200.0
200.0
200.0
200.0
200.0
200.0
200.0
200.0
200.0
200.0
200.0
200.0
200.0
200.0
200.0
200.0
200.0
200.0
200.0
200.0
200.0
200.0
200.0
200.0
200.0
200.0
200.0
200.0
200.0
200.0
200.0
200.0
200.0
200.0
200.0
200.0
200.0
200.0
200.0
200.0
200.0
200.0
200.0
200.0
200.0
200.0
200.0
200.0
200.0
200.0
200.0
200.0
200.0
200.0
200.0
200.0
200.0
200.0
200.0
200.0
200.0
200.0
200.0
200.0
200.0
200.0
200.0
200.0
200.0
200.0
200.0
200.0
200.0
200.0
200.0
200.0
200.0
200.0
200.0
200.0
200.0
200.0
200.0
200.0
200.0
200.0
200.0
200.0
200.0
200.0
200.0
200.0
200.0
200.0
200.0
200.0
200.0
200.0
200.0
200.0
200.0
200.0
200.0
200.0
200.0
200.0
200.0
200.0
200.0
200.0
200.0
200.0
200.0
200.0
200.0
200.0
200.0
200.0
200.0
200.0
200.0
200.0
200.0
200.0
200.0
200.0
200.0
200.0
200.0
200.0
200.0
200.0
200.0
200.0
200.0
200.0
200.0
200.0
200.0
200.0
200.0
200.0
200.0
200.0
200.0
200.0
200.0
200.0
200.0
200.0
200.0
200.0
200.0
200.0
200.0
200.0
200.0
200.0
200.0
200.0
200.0
200.0
200.0
200.0
200.0
200.0
200.0
200.0
200.0
200.0
200.0
200.0
200.0
200.0
200.0
200.0
200.0
200.0
200.0
200.0
200.0
200.0
200.0
200.0
200.0
200.0
200.0
200.0
200.0
200.0
200.0
200.0
200.0
200.0
200.0
200.0
200.0
200.0
200.0
200.0
200.0
200.0
200.0
200.0
200.0
200.0
200.0
200.0
200.0
200.0
200.0
200.0
200.0
200.0
200.0
200.0
200.0
200.0
200.0
200.0
200.0
200.0
200.0
200.0
200.0
200.0
200.0
200.0
200.0
200.0
200.0
200.0
200.0
200.0
200.0
200.0
200.0
200.0
200.0
200.0
200.0
200.0
200.0
200.0
200.0
200.0
200.0
200.0
200.0
200.0
200.0
200.0
200.0
200.0
200.0
200.0
200.0
200.0
200.0
200.0
200.0
200.0
200.0
200.0
200.0
200.0
200.0
200.0
200.0
200.0
200.0
200.0
200.0
200.0
200.0
200.0
200.0
200.0
200.0
200.0
200.0
200.0
200.0
200.0
200.0
200.0
200.0
200.0
200.0
200.0
200.0
200.0
200.0
200.0
200.0
200.0
200.0
200.0
200.0
200.0
200.0
200.0
200.0
200.0
200.0
200.0
200.0
200.0
200.0
200.0
200.0
200.0
200.0
200.0
200.0
200.0
200.0
200.0
200.0
200.0
200.0
200.0
200.0
200.0
200.0
200.0
200.0
200.0
200.0
200.0
200.0
200.0
200.0
200.0
200.0
200.0
200.0
200.0
200.0
200.0
200.0
200.0
200.0
200.0
200.0
200.0
200.0
200.0
200.0
200.0
200.0
200.0
200.0
200.0
200.0
200.0
200.0
200.0
200.0
200.0
200.0
200.0
200.0
200.0
200.0
200.0
200.0
200.0
200.0
200.0
200.0
200.0
200.0
200.0
200.0
200.0
200.0
200.0
200.0
200.0
200.0
200.0
200.0
200.0
200.0
200.0
200.0
200.0
200.0
200.0
200.0
200.0
200.0
200.0
200.0
200.0
200.0
200.0
200.0
200.0
200.0
200.0
200.0
200.0
200.0
200.0
200.0
200.0
200.0
200.0
200.0
200.0
200.0
200.0
200.0
200.0
200.0
200.0
200.0
200.0
200.0
200.0
200.0
200.0
200.0
200.0
200.0
200.0
200.0
200.0
200.0
200.0
200.0
200.0
200.0
200.0
200.0
200.0
200.0
200.0
200.0
200.0
200.0
200.0
200.0
200.0
200.0
200.0
200.0
200.0
200.0
200.0
200.0
200.0
200.0
200.0
200.0
200.0
200.0
200.0
200.0
200.0
200.0
200.0
200.0
200.0
200.0
200.0
200.0
200.0
200.0
200.0
200.0
200.0
200.0
200.0
200.0
200.0
200.0
200.0
200.0
200.0
200.0
200.0
200.0
200.0
200.0
200.0
200.0
200.0
200.0
200.0
200.0
200.0
200.0
200.0
200.0
200.0
200.0
200.0
200.0
200.0
200.0
200.0
200.0
200.0
200.0
200.0
200.0
200.0
200.0
200.0
200.0
200.0
200.0
200.0
200.0
200.0
200.0
200.0
200.0
200.0
200.0
200.0
200.0
200.0
200.0
200.0
200.0
200.0
200.0
200.0
200.0
200.0
200.0
200.0
200.0
200.0
200.0
200.0
200.0
200.0
200.0
200.0
200.0
200.0
200.0
200.0
200.0
200.0
200.0
200.0
200.0
200.0
200.0
200.0
200.0
200.0
200.0
200.0
200.0
200.0
200.0
200.0
200.0
