28.0
14.0
15.0
43.0
32.0
20.0
13.0
22.0
22.0
40.0
11.0
23.0
50.0
13.0
15.0
38.0
30.0
14.0
46.0
14.0
42.0
44.0
12.0
22.0
18.0
26.0
13.0
17.0
43.0
14.0
30.0
21.0
14.0
38.0
14.0
34.0
43.0
51.0
25.0
60.0
80.0
11.0
26.0
27.0
11.0
32.0
20.0
18.0
22.0
14.0
15.0
26.0
22.0
16.0
13.0
16.0
15.0
21.0
12.0
16.0
11.0
13.0
17.0
18.0
13.0
22.0
12.0
17.0
12.0
28.0
33.0
12.0
16.0
11.0
14.0
17.0
18.0
22.0
11.0
28.0
18.0
13.0
12.0
13.0
14.0
14.0
15.0
10.0
10.0
23.0
15.0
16.0
21.0
25.0
26.0
34.0
20.0
19.0
20.0
11.0
11.0
11.0
17.0
21.0
17.0
12.0
44.0
10.0
25.0
13.0
16.0
46.0
12.0
22.0
18.0
14.0
11.0
20.0
9.0
10.0
22.0
16.0
11.0
10.0
15.0
18.0
17.0
10.0
11.0
10.0
13.0
18.0
19.0
29.0
12.0
12.0
9.0
18.0
21.0
18.0
26.0
11.0
12.0
13.0
28.0
14.0
20.0
13.0
34.0
19.0
53.0
23.0
17.0
15.0
34.0
15.0
52.0
12.0
32.0
21.0
21.0
65.0
25.0
32.0
41.0
14.0
13.0
13.0
19.0
37.0
12.0
12.0
80.0
16.0
26.0
13.0
45.0
13.0
10.0
15.0
26.0
29.0
28.0
11.0
25.0
19.0
29.0
17.0
26.0
35.0
29.0
56.0
20.0
25.0
12.0
57.0
21.0
31.0
16.0
32.0
26.0
63.0
27.0
20.0
70.0
18.0
8.0
13.0
9.0
15.0
39.0
9.0
38.0
27.0
31.0
36.0
27.0
32.0
16.0
25.0
45.0
48.0
67.0
35.0
42.0
23.0
17.0
23.0
127.0
25.0
34.0
35.0
19.0
36.0
34.0
57.0
36.0
35.0
57.0
23.0
42.0
40.0
24.0
33.0
24.0
39.0
46.0
43.0
17.0
20.0
53.0
113.0
38.0
41.0
36.0
26.0
40.0
37.0
15.0
32.0
48.0
39.0
22.0
40.0
39.0
51.0
41.0
56.0
25.0
37.0
36.0
77.0
98.0
28.0
37.0
44.0
41.0
35.0
88.0
69.0
73.0
40.0
81.0
39.0
59.0
59.0
78.0
80.0
45.0
34.0
60.0
31.0
44.0
90.0
118.0
39.0
200.0
48.0
56.0
52.0
200.0
76.0
56.0
119.0
85.0
109.0
63.0
200.0
97.0
109.0
109.0
62.0
61.0
63.0
75.0
78.0
82.0
56.0
84.0
96.0
78.0
83.0
78.0
106.0
115.0
90.0
90.0
143.0
200.0
102.0
91.0
114.0
111.0
89.0
102.0
75.0
121.0
97.0
95.0
114.0
102.0
91.0
167.0
136.0
173.0
157.0
184.0
195.0
128.0
200.0
188.0
200.0
200.0
162.0
200.0
200.0
200.0
200.0
200.0
200.0
196.0
200.0
200.0
200.0
161.0
200.0
200.0
156.0
169.0
200.0
154.0
200.0
200.0
169.0
150.0
140.0
170.0
135.0
182.0
150.0
199.0
200.0
200.0
200.0
200.0
200.0
200.0
200.0
200.0
197.0
200.0
200.0
200.0
200.0
180.0
200.0
200.0
200.0
200.0
200.0
200.0
200.0
200.0
200.0
200.0
180.0
200.0
184.0
200.0
184.0
177.0
200.0
200.0
177.0
200.0
200.0
200.0
200.0
200.0
181.0
200.0
200.0
200.0
200.0
200.0
200.0
200.0
200.0
200.0
200.0
192.0
200.0
200.0
200.0
200.0
196.0
196.0
167.0
175.0
200.0
200.0
200.0
165.0
200.0
162.0
186.0
200.0
200.0
200.0
200.0
200.0
200.0
160.0
200.0
197.0
200.0
179.0
200.0
174.0
199.0
200.0
175.0
200.0
178.0
178.0
183.0
162.0
183.0
187.0
200.0
200.0
200.0
200.0
200.0
145.0
165.0
146.0
147.0
148.0
169.0
129.0
157.0
189.0
177.0
161.0
177.0
154.0
174.0
176.0
200.0
163.0
165.0
200.0
166.0
176.0
157.0
149.0
170.0
157.0
141.0
145.0
135.0
165.0
145.0
159.0
179.0
141.0
200.0
174.0
153.0
138.0
200.0
159.0
200.0
200.0
200.0
147.0
165.0
141.0
163.0
167.0
146.0
144.0
195.0
179.0
187.0
152.0
141.0
166.0
200.0
188.0
197.0
173.0
147.0
187.0
189.0
139.0
197.0
163.0
173.0
141.0
165.0
165.0
146.0
141.0
182.0
161.0
123.0
159.0
157.0
192.0
153.0
134.0
169.0
113.0
140.0
128.0
129.0
137.0
126.0
200.0
173.0
143.0
153.0
159.0
141.0
171.0
143.0
169.0
135.0
135.0
132.0
175.0
135.0
148.0
171.0
155.0
191.0
193.0
157.0
133.0
123.0
141.0
126.0
127.0
132.0
163.0
165.0
175.0
153.0
147.0
160.0
151.0
191.0
141.0
170.0
191.0
161.0
200.0
147.0
169.0
171.0
152.0
166.0
161.0
173.0
193.0
153.0
175.0
179.0
153.0
164.0
146.0
149.0
137.0
145.0
130.0
163.0
200.0
155.0
185.0
200.0
175.0
167.0
200.0
165.0
200.0
167.0
175.0
200.0
200.0
200.0
189.0
200.0
163.0
200.0
200.0
196.0
190.0
200.0
177.0
200.0
200.0
187.0
192.0
146.0
157.0
200.0
200.0
173.0
200.0
200.0
200.0
200.0
200.0
200.0
192.0
200.0
200.0
200.0
200.0
200.0
200.0
200.0
200.0
200.0
200.0
200.0
200.0
200.0
174.0
200.0
200.0
200.0
200.0
200.0
200.0
200.0
200.0
200.0
174.0
200.0
200.0
200.0
200.0
200.0
200.0
200.0
200.0
200.0
200.0
200.0
200.0
200.0
200.0
200.0
200.0
200.0
154.0
182.0
200.0
200.0
200.0
200.0
200.0
200.0
200.0
200.0
200.0
200.0
200.0
200.0
200.0
200.0
200.0
200.0
200.0
200.0
200.0
200.0
200.0
200.0
200.0
200.0
200.0
200.0
200.0
200.0
200.0
188.0
200.0
200.0
200.0
200.0
200.0
200.0
200.0
200.0
200.0
200.0
200.0
200.0
200.0
200.0
200.0
200.0
200.0
200.0
200.0
200.0
200.0
200.0
200.0
200.0
200.0
200.0
200.0
200.0
200.0
200.0
200.0
200.0
200.0
200.0
200.0
200.0
200.0
200.0
200.0
200.0
200.0
200.0
200.0
200.0
200.0
200.0
200.0
200.0
200.0
200.0
200.0
200.0
200.0
200.0
200.0
200.0
200.0
200.0
200.0
200.0
200.0
200.0
200.0
200.0
200.0
200.0
200.0
200.0
200.0
200.0
200.0
200.0
200.0
200.0
200.0
200.0
200.0
200.0
200.0
200.0
200.0
200.0
200.0
200.0
200.0
200.0
200.0
200.0
200.0
200.0
200.0
200.0
200.0
200.0
200.0
200.0
200.0
200.0
200.0
200.0
200.0
200.0
200.0
200.0
200.0
200.0
200.0
200.0
200.0
200.0
200.0
200.0
200.0
200.0
200.0
200.0
200.0
200.0
200.0
200.0
200.0
200.0
200.0
200.0
200.0
200.0
200.0
200.0
200.0
200.0
200.0
200.0
200.0
200.0
200.0
200.0
200.0
200.0
200.0
200.0
200.0
200.0
200.0
200.0
200.0
200.0
200.0
200.0
200.0
200.0
200.0
200.0
200.0
200.0
200.0
200.0
200.0
200.0
200.0
200.0
200.0
200.0
200.0
200.0
200.0
200.0
200.0
200.0
200.0
200.0
200.0
200.0
200.0
200.0
200.0
200.0
200.0
200.0
200.0
200.0
200.0
200.0
200.0
200.0
200.0
200.0
200.0
200.0
200.0
200.0
200.0
200.0
200.0
200.0
200.0
200.0
200.0
200.0
200.0
200.0
200.0
200.0
200.0
200.0
200.0
200.0
200.0
200.0
200.0
200.0
200.0
200.0
200.0
200.0
200.0
200.0
200.0
200.0
200.0
200.0
200.0
200.0
200.0
200.0
200.0
200.0
200.0
200.0
200.0
200.0
200.0
200.0
200.0
200.0
200.0
200.0
200.0
200.0
200.0
200.0
200.0
200.0
200.0
200.0
200.0
200.0
200.0
200.0
200.0
200.0
200.0
200.0
200.0
200.0
200.0
200.0
200.0
200.0
200.0
200.0
200.0
200.0
200.0
200.0
200.0
200.0
200.0
200.0
200.0
200.0
200.0
200.0
200.0
200.0
200.0
200.0
200.0
200.0
200.0
200.0
200.0
200.0
200.0
200.0
200.0
200.0
200.0
200.0
200.0
200.0
200.0
200.0
200.0
200.0
200.0
200.0
200.0
200.0
200.0
200.0
200.0
200.0
200.0
200.0
200.0
200.0
200.0
200.0
200.0
200.0
200.0
200.0
200.0
200.0
200.0
200.0
200.0
200.0
200.0
200.0
200.0
200.0
200.0
200.0
200.0
200.0
200.0
200.0
200.0
200.0
200.0
200.0
200.0
200.0
200.0
200.0
200.0
200.0
200.0
200.0
200.0
200.0
200.0
200.0
200.0
200.0
200.0
200.0
200.0
200.0
200.0
200.0
200.0
200.0
200.0
200.0
200.0
200.0
200.0
200.0
200.0
200.0
200.0
200.0
200.0
200.0
200.0
200.0
200.0
200.0
200.0
200.0
200.0
200.0
200.0
200.0
200.0
200.0
200.0
200.0
200.0
200.0
200.0
200.0
200.0
200.0
200.0
200.0
200.0
200.0
200.0
200.0
200.0
200.0
200.0
200.0
200.0
200.0
200.0
200.0
200.0
200.0
200.0
200.0
200.0
200.0
200.0
200.0
200.0
200.0
200.0
200.0
200.0
200.0
200.0
200.0
200.0
200.0
200.0
200.0
200.0
200.0
200.0
200.0
200.0
200.0
200.0
200.0
200.0
200.0
200.0
200.0
200.0
200.0
200.0
200.0
200.0
200.0
200.0
200.0
200.0
200.0
200.0
200.0
200.0
200.0
200.0
200.0
200.0
200.0
200.0
200.0
200.0
200.0
200.0
200.0
200.0
200.0
200.0
200.0
200.0
200.0
200.0
200.0
200.0
200.0
200.0
200.0
200.0
200.0
200.0
200.0
200.0
200.0
200.0
200.0
200.0
200.0
200.0
200.0
200.0
200.0
200.0
200.0
200.0
200.0
200.0
200.0
200.0
200.0
200.0
200.0
200.0
200.0
200.0
200.0
200.0
200.0
200.0
200.0
200.0
200.0
200.0
200.0
200.0
200.0
200.0
200.0
200.0
200.0
200.0
200.0
200.0
200.0
200.0
200.0
200.0
200.0
200.0
200.0
200.0
200.0
200.0
200.0
200.0
200.0
200.0
200.0
200.0
200.0
200.0
200.0
200.0
200.0
200.0
200.0
200.0
200.0
200.0
200.0
200.0
200.0
200.0
200.0
200.0
200.0
200.0
200.0
200.0
200.0
200.0
200.0
200.0
200.0
200.0
200.0
200.0
200.0
200.0
200.0
200.0
200.0
200.0
200.0
200.0
200.0
200.0
200.0
200.0
200.0
200.0
200.0
200.0
200.0
200.0
200.0
200.0
200.0
200.0
200.0
200.0
200.0
200.0
200.0
200.0
200.0
200.0
200.0
200.0
200.0
200.0
200.0
200.0
200.0
200.0
200.0
200.0
200.0
200.0
200.0
200.0
200.0
200.0
200.0
200.0
200.0
200.0
200.0
200.0
200.0
200.0
200.0
200.0
200.0
200.0
200.0
200.0
200.0
200.0
200.0
200.0
200.0
200.0
200.0
200.0
200.0
200.0
200.0
200.0
200.0
200.0
200.0
200.0
200.0
200.0
200.0
200.0
200.0
200.0
200.0
200.0
200.0
200.0
200.0
200.0
200.0
200.0
200.0
200.0
200.0
200.0
200.0
200.0
200.0
200.0
200.0
200.0
200.0
200.0
200.0
200.0
200.0
200.0
200.0
200.0
200.0
200.0
200.0
200.0
200.0
200.0
200.0
200.0
200.0
200.0
200.0
200.0
200.0
200.0
200.0
200.0
200.0
200.0
200.0
200.0
200.0
200.0
200.0
200.0
200.0
200.0
200.0
200.0
200.0
200.0
200.0
200.0
200.0
200.0
200.0
200.0
200.0
200.0
200.0
200.0
200.0
200.0
200.0
200.0
200.0
200.0
200.0
200.0
200.0
200.0
200.0
200.0
200.0
200.0
200.0
200.0
200.0
200.0
200.0
200.0
200.0
200.0
200.0
200.0
200.0
200.0
200.0
200.0
200.0
200.0
200.0
200.0
200.0
200.0
200.0
200.0
200.0
200.0
200.0
200.0
200.0
200.0
200.0
200.0
200.0
200.0
200.0
200.0
200.0
200.0
200.0
200.0
200.0
200.0
200.0
200.0
200.0
200.0
200.0
200.0
200.0
200.0
200.0
200.0
200.0
200.0
200.0
200.0
200.0
200.0
200.0
200.0
200.0
200.0
200.0
200.0
200.0
200.0
200.0
200.0
200.0
200.0
200.0
200.0
200.0
200.0
200.0
200.0
200.0
200.0
200.0
200.0
200.0
200.0
200.0
200.0
200.0
200.0
200.0
200.0
200.0
200.0
200.0
200.0
200.0
200.0
200.0
200.0
200.0
200.0
200.0
200.0
200.0
200.0
200.0
200.0
200.0
200.0
200.0
200.0
200.0
200.0
200.0
200.0
200.0
200.0
200.0
200.0
200.0
200.0
200.0
200.0
200.0
200.0
200.0
200.0
200.0
200.0
200.0
200.0
200.0
200.0
200.0
200.0
200.0
200.0
200.0
200.0
200.0
200.0
200.0
200.0
200.0
200.0
200.0
200.0
200.0
200.0
200.0
200.0
200.0
200.0
200.0
200.0
200.0
200.0
200.0
200.0
200.0
200.0
200.0
200.0
200.0
200.0
200.0
200.0
200.0
200.0
200.0
200.0
200.0
200.0
200.0
200.0
200.0
200.0
200.0
200.0
200.0
200.0
200.0
200.0
200.0
200.0
200.0
200.0
200.0
200.0
200.0
200.0
200.0
200.0
200.0
200.0
200.0
200.0
200.0
200.0
200.0
200.0
200.0
200.0
200.0
200.0
200.0
200.0
200.0
200.0
200.0
200.0
200.0
200.0
200.0
200.0
200.0
200.0
200.0
200.0
200.0
200.0
200.0
200.0
200.0
200.0
200.0
200.0
200.0
200.0
200.0
200.0
200.0
200.0
200.0
200.0
200.0
200.0
200.0
200.0
200.0
200.0
200.0
200.0
200.0
200.0
200.0
200.0
200.0
200.0
200.0
200.0
200.0
200.0
200.0
200.0
200.0
200.0
200.0
200.0
200.0
200.0
200.0
200.0
200.0
200.0
200.0
200.0
200.0
200.0
200.0
200.0
200.0
200.0
200.0
200.0
200.0
200.0
200.0
200.0
200.0
200.0
200.0
200.0
200.0
200.0
200.0
200.0
200.0
200.0
200.0
200.0
200.0
200.0
200.0
200.0
200.0
200.0
200.0
200.0
200.0
200.0
200.0
200.0
200.0
200.0
200.0
200.0
200.0
200.0
200.0
200.0
200.0
200.0
200.0
200.0
200.0
200.0
200.0
200.0
200.0
200.0
200.0
200.0
200.0
200.0
200.0
200.0
200.0
200.0
200.0
200.0
200.0
200.0
200.0
200.0
200.0
200.0
200.0
200.0
200.0
200.0
200.0
200.0
200.0
200.0
200.0
200.0
200.0
200.0
200.0
200.0
200.0
200.0
200.0
200.0
200.0
200.0
200.0
200.0
200.0
200.0
200.0
200.0
200.0
200.0
200.0
200.0
200.0
200.0
200.0
200.0
200.0
200.0
200.0
200.0
200.0
200.0
200.0
200.0
200.0
200.0
200.0
200.0
200.0
200.0
200.0
200.0
200.0
200.0
200.0
200.0
200.0
200.0
200.0
200.0
200.0
200.0
200.0
200.0
200.0
200.0
200.0
200.0
200.0
200.0
200.0
200.0
200.0
200.0
200.0
200.0
200.0
200.0
200.0
200.0
200.0
200.0
200.0
200.0
200.0
200.0
200.0
200.0
200.0
200.0
200.0
200.0
200.0
200.0
200.0
200.0
200.0
200.0
200.0
200.0
200.0
200.0
200.0
200.0
200.0
200.0
200.0
200.0
200.0
200.0
200.0
200.0
200.0
200.0
200.0
200.0
200.0
200.0
200.0
200.0
200.0
200.0
200.0
200.0
200.0
200.0
200.0
200.0
200.0
200.0
200.0
200.0
200.0
200.0
200.0
200.0
200.0
200.0
200.0
200.0
200.0
200.0
200.0
200.0
200.0
200.0
200.0
200.0
200.0
200.0
200.0
200.0
200.0
200.0
200.0
200.0
200.0
200.0
200.0
200.0
200.0
200.0
200.0
200.0
200.0
200.0
200.0
200.0
200.0
200.0
200.0
200.0
200.0
200.0
200.0
200.0
200.0
200.0
200.0
200.0
200.0
200.0
200.0
200.0
200.0
200.0
200.0
200.0
200.0
200.0
200.0
200.0
200.0
200.0
200.0
200.0
200.0
200.0
200.0
200.0
200.0
200.0
200.0
200.0
200.0
200.0
200.0
200.0
200.0
200.0
200.0
200.0
200.0
200.0
200.0
200.0
200.0
200.0
200.0
200.0
200.0
