21.0
26.0
37.0
17.0
25.0
19.0
27.0
16.0
13.0
31.0
16.0
14.0
13.0
34.0
14.0
10.0
15.0
19.0
40.0
37.0
12.0
21.0
17.0
40.0
13.0
65.0
22.0
49.0
18.0
14.0
15.0
11.0
13.0
21.0
15.0
15.0
51.0
23.0
13.0
11.0
17.0
17.0
44.0
30.0
13.0
11.0
27.0
13.0
12.0
12.0
11.0
62.0
16.0
12.0
34.0
12.0
13.0
43.0
12.0
37.0
13.0
18.0
10.0
13.0
23.0
19.0
16.0
13.0
20.0
43.0
16.0
9.0
18.0
35.0
20.0
14.0
23.0
10.0
19.0
12.0
18.0
15.0
14.0
27.0
25.0
21.0
20.0
27.0
21.0
13.0
12.0
24.0
16.0
14.0
17.0
10.0
14.0
19.0
17.0
29.0
18.0
14.0
21.0
12.0
22.0
9.0
20.0
21.0
9.0
21.0
23.0
10.0
41.0
19.0
11.0
19.0
37.0
12.0
23.0
33.0
24.0
13.0
21.0
19.0
9.0
16.0
9.0
15.0
18.0
20.0
14.0
13.0
17.0
19.0
19.0
14.0
27.0
20.0
15.0
12.0
12.0
17.0
21.0
16.0
25.0
11.0
21.0
18.0
35.0
17.0
14.0
17.0
34.0
11.0
21.0
24.0
32.0
11.0
15.0
63.0
10.0
27.0
11.0
11.0
20.0
16.0
12.0
14.0
53.0
14.0
10.0
18.0
19.0
11.0
12.0
17.0
17.0
12.0
11.0
13.0
16.0
20.0
14.0
32.0
11.0
11.0
20.0
11.0
19.0
11.0
18.0
13.0
19.0
18.0
17.0
17.0
32.0
9.0
36.0
26.0
15.0
10.0
20.0
25.0
31.0
26.0
35.0
19.0
17.0
22.0
17.0
14.0
22.0
11.0
18.0
15.0
33.0
16.0
16.0
15.0
18.0
13.0
32.0
22.0
19.0
15.0
18.0
27.0
17.0
14.0
17.0
16.0
24.0
18.0
26.0
18.0
19.0
31.0
13.0
25.0
22.0
14.0
20.0
15.0
12.0
34.0
13.0
26.0
18.0
15.0
17.0
11.0
9.0
12.0
32.0
11.0
14.0
21.0
34.0
33.0
20.0
37.0
29.0
24.0
20.0
14.0
15.0
18.0
29.0
16.0
19.0
20.0
18.0
23.0
17.0
25.0
28.0
16.0
24.0
17.0
29.0
41.0
28.0
24.0
28.0
28.0
43.0
22.0
24.0
19.0
21.0
16.0
40.0
25.0
24.0
17.0
18.0
18.0
18.0
16.0
30.0
33.0
31.0
26.0
25.0
75.0
41.0
20.0
35.0
33.0
22.0
38.0
22.0
38.0
33.0
29.0
22.0
26.0
33.0
59.0
17.0
41.0
51.0
17.0
20.0
69.0
46.0
36.0
29.0
60.0
56.0
76.0
43.0
44.0
76.0
50.0
94.0
43.0
44.0
46.0
32.0
41.0
48.0
39.0
54.0
57.0
40.0
47.0
61.0
79.0
45.0
38.0
101.0
36.0
101.0
55.0
73.0
67.0
69.0
63.0
155.0
38.0
89.0
74.0
92.0
85.0
72.0
56.0
200.0
100.0
69.0
49.0
57.0
48.0
76.0
94.0
70.0
89.0
104.0
131.0
83.0
89.0
114.0
157.0
79.0
180.0
200.0
122.0
77.0
127.0
95.0
154.0
115.0
124.0
96.0
81.0
115.0
200.0
179.0
115.0
109.0
147.0
82.0
123.0
200.0
200.0
200.0
102.0
125.0
162.0
162.0
160.0
111.0
84.0
107.0
95.0
164.0
188.0
109.0
129.0
83.0
200.0
82.0
106.0
97.0
125.0
124.0
102.0
135.0
81.0
121.0
92.0
90.0
94.0
105.0
94.0
110.0
200.0
142.0
126.0
127.0
116.0
155.0
98.0
122.0
152.0
113.0
104.0
156.0
98.0
94.0
110.0
127.0
98.0
104.0
128.0
124.0
106.0
91.0
102.0
107.0
101.0
122.0
128.0
114.0
107.0
101.0
90.0
96.0
116.0
92.0
100.0
138.0
120.0
96.0
105.0
126.0
90.0
137.0
88.0
106.0
124.0
130.0
124.0
93.0
104.0
93.0
128.0
129.0
94.0
94.0
123.0
116.0
110.0
98.0
106.0
141.0
127.0
137.0
122.0
100.0
114.0
120.0
110.0
110.0
156.0
110.0
140.0
135.0
102.0
108.0
136.0
165.0
118.0
200.0
187.0
137.0
111.0
126.0
155.0
146.0
198.0
151.0
109.0
200.0
200.0
153.0
174.0
123.0
154.0
153.0
134.0
126.0
200.0
200.0
200.0
133.0
134.0
200.0
185.0
186.0
200.0
175.0
200.0
159.0
200.0
200.0
187.0
200.0
186.0
180.0
142.0
165.0
199.0
200.0
154.0
200.0
157.0
195.0
166.0
200.0
200.0
200.0
164.0
158.0
200.0
164.0
161.0
200.0
162.0
162.0
158.0
200.0
200.0
200.0
186.0
181.0
200.0
159.0
175.0
150.0
170.0
200.0
159.0
140.0
134.0
155.0
153.0
145.0
150.0
154.0
155.0
137.0
153.0
146.0
145.0
158.0
141.0
187.0
170.0
179.0
137.0
151.0
143.0
149.0
200.0
133.0
142.0
184.0
141.0
200.0
153.0
152.0
153.0
153.0
179.0
134.0
140.0
139.0
141.0
173.0
131.0
153.0
152.0
146.0
141.0
157.0
166.0
143.0
150.0
167.0
163.0
152.0
168.0
143.0
132.0
159.0
139.0
125.0
134.0
140.0
131.0
131.0
141.0
143.0
129.0
139.0
137.0
136.0
127.0
140.0
131.0
111.0
130.0
123.0
127.0
136.0
155.0
137.0
135.0
118.0
129.0
123.0
130.0
134.0
127.0
124.0
134.0
141.0
134.0
143.0
169.0
126.0
141.0
135.0
127.0
158.0
125.0
126.0
141.0
117.0
129.0
119.0
131.0
152.0
132.0
178.0
129.0
141.0
141.0
139.0
157.0
158.0
148.0
154.0
126.0
121.0
142.0
146.0
132.0
126.0
167.0
171.0
130.0
157.0
151.0
152.0
153.0
168.0
171.0
148.0
200.0
158.0
148.0
192.0
151.0
169.0
166.0
156.0
136.0
149.0
136.0
145.0
169.0
141.0
151.0
149.0
145.0
137.0
146.0
178.0
152.0
137.0
157.0
189.0
165.0
147.0
182.0
150.0
149.0
156.0
162.0
176.0
154.0
169.0
200.0
200.0
142.0
146.0
172.0
152.0
130.0
174.0
174.0
175.0
146.0
142.0
183.0
147.0
195.0
200.0
200.0
200.0
200.0
176.0
154.0
194.0
200.0
200.0
192.0
200.0
200.0
200.0
200.0
200.0
180.0
158.0
154.0
112.0
169.0
183.0
184.0
200.0
194.0
199.0
200.0
179.0
186.0
191.0
200.0
200.0
167.0
200.0
145.0
172.0
163.0
170.0
161.0
172.0
179.0
200.0
167.0
200.0
154.0
200.0
183.0
200.0
193.0
200.0
200.0
165.0
153.0
199.0
163.0
178.0
174.0
194.0
174.0
192.0
161.0
160.0
170.0
200.0
195.0
200.0
200.0
181.0
131.0
200.0
200.0
171.0
148.0
151.0
187.0
176.0
167.0
163.0
141.0
200.0
189.0
168.0
200.0
200.0
195.0
136.0
161.0
151.0
200.0
200.0
191.0
197.0
200.0
200.0
172.0
200.0
165.0
200.0
156.0
200.0
158.0
156.0
191.0
156.0
182.0
181.0
142.0
157.0
162.0
159.0
200.0
173.0
150.0
200.0
167.0
166.0
169.0
199.0
164.0
185.0
200.0
176.0
181.0
173.0
173.0
160.0
200.0
173.0
180.0
178.0
168.0
167.0
166.0
187.0
193.0
175.0
181.0
153.0
200.0
181.0
200.0
171.0
184.0
200.0
200.0
185.0
200.0
186.0
200.0
200.0
200.0
200.0
200.0
143.0
200.0
200.0
178.0
183.0
200.0
200.0
143.0
198.0
200.0
159.0
190.0
190.0
200.0
200.0
200.0
188.0
200.0
198.0
198.0
200.0
191.0
200.0
183.0
200.0
200.0
200.0
200.0
200.0
200.0
200.0
200.0
200.0
200.0
200.0
200.0
200.0
200.0
200.0
200.0
200.0
200.0
200.0
200.0
200.0
200.0
200.0
200.0
200.0
200.0
200.0
200.0
200.0
200.0
200.0
200.0
200.0
200.0
200.0
200.0
200.0
200.0
200.0
200.0
200.0
200.0
200.0
200.0
200.0
200.0
200.0
200.0
200.0
200.0
200.0
200.0
200.0
200.0
200.0
200.0
200.0
200.0
200.0
200.0
200.0
200.0
200.0
200.0
200.0
200.0
200.0
200.0
200.0
200.0
200.0
200.0
200.0
200.0
200.0
200.0
200.0
200.0
200.0
200.0
200.0
200.0
200.0
200.0
200.0
200.0
200.0
200.0
200.0
200.0
200.0
200.0
200.0
200.0
200.0
200.0
200.0
200.0
200.0
200.0
200.0
200.0
200.0
200.0
200.0
200.0
200.0
200.0
200.0
200.0
200.0
200.0
200.0
200.0
200.0
200.0
200.0
200.0
200.0
200.0
200.0
200.0
200.0
200.0
200.0
200.0
200.0
200.0
200.0
200.0
200.0
200.0
200.0
200.0
200.0
200.0
200.0
200.0
200.0
200.0
200.0
200.0
200.0
200.0
200.0
200.0
200.0
200.0
200.0
200.0
200.0
200.0
200.0
200.0
200.0
200.0
200.0
200.0
200.0
200.0
200.0
200.0
200.0
200.0
200.0
200.0
200.0
200.0
200.0
200.0
200.0
200.0
200.0
200.0
200.0
200.0
200.0
200.0
200.0
200.0
200.0
200.0
200.0
200.0
200.0
200.0
200.0
200.0
200.0
200.0
200.0
200.0
200.0
200.0
200.0
200.0
200.0
200.0
200.0
200.0
200.0
200.0
200.0
200.0
200.0
200.0
200.0
200.0
200.0
200.0
200.0
200.0
200.0
200.0
200.0
200.0
200.0
200.0
200.0
200.0
200.0
200.0
200.0
200.0
200.0
200.0
200.0
200.0
200.0
200.0
200.0
200.0
200.0
200.0
200.0
200.0
200.0
200.0
200.0
200.0
200.0
200.0
200.0
200.0
200.0
200.0
200.0
200.0
200.0
200.0
200.0
200.0
200.0
200.0
200.0
200.0
200.0
200.0
200.0
200.0
200.0
200.0
200.0
200.0
200.0
200.0
200.0
200.0
200.0
200.0
200.0
200.0
200.0
200.0
200.0
200.0
200.0
200.0
200.0
200.0
200.0
200.0
200.0
200.0
200.0
200.0
200.0
200.0
200.0
200.0
200.0
200.0
200.0
200.0
200.0
200.0
200.0
200.0
200.0
200.0
200.0
200.0
200.0
200.0
200.0
200.0
200.0
200.0
200.0
200.0
200.0
200.0
200.0
200.0
200.0
200.0
200.0
200.0
200.0
200.0
200.0
200.0
200.0
200.0
200.0
200.0
200.0
200.0
200.0
200.0
200.0
200.0
200.0
200.0
200.0
200.0
200.0
200.0
200.0
200.0
200.0
200.0
200.0
200.0
200.0
200.0
200.0
200.0
200.0
200.0
200.0
200.0
200.0
200.0
200.0
200.0
200.0
200.0
200.0
200.0
200.0
200.0
200.0
200.0
200.0
200.0
200.0
200.0
200.0
200.0
200.0
200.0
200.0
200.0
200.0
200.0
200.0
200.0
200.0
200.0
200.0
200.0
200.0
200.0
200.0
200.0
200.0
200.0
200.0
200.0
200.0
200.0
200.0
200.0
200.0
200.0
200.0
200.0
200.0
200.0
200.0
200.0
200.0
200.0
200.0
200.0
200.0
200.0
200.0
200.0
200.0
200.0
200.0
200.0
200.0
200.0
200.0
200.0
200.0
200.0
200.0
200.0
200.0
200.0
200.0
200.0
200.0
200.0
200.0
200.0
200.0
200.0
200.0
200.0
200.0
200.0
200.0
200.0
200.0
200.0
200.0
200.0
200.0
200.0
200.0
200.0
200.0
200.0
200.0
200.0
200.0
200.0
200.0
200.0
200.0
200.0
200.0
200.0
200.0
200.0
200.0
200.0
200.0
200.0
200.0
200.0
200.0
200.0
200.0
200.0
200.0
200.0
200.0
200.0
200.0
200.0
200.0
200.0
200.0
200.0
200.0
200.0
200.0
200.0
200.0
200.0
200.0
200.0
200.0
200.0
200.0
200.0
200.0
200.0
200.0
200.0
200.0
200.0
200.0
200.0
200.0
200.0
200.0
200.0
200.0
200.0
200.0
200.0
200.0
200.0
200.0
200.0
200.0
200.0
200.0
200.0
200.0
200.0
200.0
200.0
200.0
200.0
200.0
200.0
200.0
200.0
200.0
200.0
200.0
200.0
200.0
200.0
200.0
200.0
200.0
200.0
200.0
200.0
200.0
200.0
200.0
200.0
200.0
200.0
200.0
200.0
200.0
200.0
200.0
200.0
200.0
200.0
200.0
200.0
200.0
200.0
200.0
200.0
200.0
200.0
200.0
200.0
200.0
200.0
200.0
200.0
200.0
200.0
200.0
200.0
200.0
200.0
200.0
200.0
200.0
200.0
200.0
200.0
200.0
200.0
200.0
200.0
200.0
200.0
200.0
200.0
200.0
200.0
200.0
200.0
200.0
200.0
200.0
200.0
200.0
200.0
200.0
200.0
200.0
200.0
200.0
200.0
200.0
200.0
200.0
200.0
200.0
200.0
200.0
200.0
200.0
200.0
200.0
200.0
200.0
200.0
200.0
200.0
200.0
200.0
200.0
200.0
200.0
200.0
200.0
200.0
200.0
200.0
200.0
200.0
200.0
200.0
200.0
200.0
200.0
200.0
200.0
200.0
200.0
200.0
200.0
200.0
200.0
200.0
200.0
200.0
200.0
200.0
200.0
200.0
200.0
200.0
200.0
200.0
200.0
200.0
200.0
200.0
200.0
200.0
200.0
200.0
200.0
200.0
200.0
200.0
200.0
200.0
200.0
200.0
200.0
200.0
200.0
200.0
200.0
200.0
200.0
200.0
200.0
200.0
200.0
200.0
200.0
200.0
200.0
200.0
200.0
200.0
200.0
200.0
200.0
200.0
200.0
200.0
200.0
200.0
200.0
200.0
200.0
200.0
200.0
200.0
200.0
200.0
200.0
200.0
200.0
200.0
200.0
200.0
200.0
200.0
200.0
200.0
200.0
200.0
200.0
200.0
200.0
200.0
200.0
200.0
200.0
200.0
200.0
200.0
200.0
200.0
200.0
200.0
200.0
200.0
200.0
200.0
200.0
200.0
200.0
200.0
200.0
200.0
200.0
200.0
200.0
200.0
200.0
200.0
200.0
200.0
200.0
200.0
200.0
200.0
200.0
200.0
200.0
200.0
200.0
200.0
200.0
200.0
200.0
200.0
200.0
200.0
200.0
200.0
200.0
200.0
200.0
200.0
200.0
200.0
200.0
200.0
200.0
200.0
200.0
200.0
200.0
200.0
200.0
200.0
200.0
200.0
200.0
200.0
200.0
200.0
200.0
200.0
200.0
200.0
200.0
200.0
200.0
200.0
200.0
200.0
200.0
200.0
200.0
200.0
200.0
200.0
200.0
200.0
200.0
200.0
200.0
200.0
200.0
200.0
200.0
200.0
200.0
200.0
200.0
200.0
200.0
200.0
200.0
200.0
200.0
200.0
200.0
200.0
200.0
200.0
200.0
200.0
200.0
200.0
200.0
200.0
200.0
200.0
200.0
200.0
200.0
200.0
200.0
200.0
200.0
200.0
200.0
200.0
200.0
200.0
200.0
200.0
200.0
200.0
200.0
200.0
200.0
200.0
200.0
200.0
200.0
200.0
200.0
200.0
200.0
200.0
200.0
200.0
200.0
200.0
200.0
200.0
200.0
200.0
200.0
200.0
200.0
200.0
200.0
200.0
200.0
200.0
200.0
200.0
200.0
200.0
200.0
200.0
200.0
200.0
200.0
200.0
200.0
200.0
200.0
200.0
200.0
200.0
200.0
200.0
200.0
200.0
200.0
200.0
200.0
200.0
200.0
200.0
200.0
200.0
200.0
200.0
200.0
200.0
200.0
200.0
200.0
200.0
200.0
200.0
200.0
200.0
200.0
200.0
200.0
200.0
200.0
200.0
200.0
200.0
200.0
200.0
200.0
200.0
200.0
200.0
200.0
200.0
200.0
200.0
200.0
200.0
200.0
200.0
200.0
200.0
200.0
200.0
200.0
200.0
200.0
200.0
200.0
200.0
200.0
200.0
200.0
200.0
200.0
200.0
200.0
200.0
200.0
200.0
200.0
200.0
200.0
200.0
200.0
200.0
200.0
200.0
200.0
200.0
200.0
200.0
200.0
200.0
200.0
200.0
200.0
200.0
200.0
200.0
200.0
200.0
200.0
200.0
200.0
200.0
200.0
200.0
200.0
200.0
200.0
200.0
200.0
200.0
200.0
200.0
200.0
200.0
200.0
200.0
200.0
200.0
200.0
200.0
200.0
200.0
200.0
200.0
200.0
200.0
200.0
200.0
200.0
200.0
200.0
200.0
200.0
200.0
200.0
200.0
200.0
200.0
200.0
200.0
200.0
200.0
200.0
200.0
200.0
200.0
200.0
200.0
200.0
200.0
200.0
200.0
200.0
200.0
200.0
200.0
200.0
200.0
200.0
200.0
200.0
200.0
200.0
200.0
200.0
200.0
200.0
200.0
200.0
200.0
200.0
200.0
200.0
200.0
200.0
200.0
200.0
200.0
